No.,Time,Source,Destination,Protocol,Length,Info
1,0.13710300000002462,10.0.2.15,54.93.77.70,TLSv1.2,590,Application Data
1,0.1372840000000224,54.93.77.70,10.0.2.15,TCP,60,9001  >  34692 [ACK] Seq=33495183 Ack=1915393 Win=65535 Len=0
1,0.2454010000000153,62.210.85.178,10.0.2.15,TLSv1.2,1104,Application Data
1,0.24548000000004322,10.0.2.15,62.210.85.178,TCP,54,35978  >  9001 [ACK] Seq=33543127 Ack=1911661 Win=65535 Len=0
1,0.2459760000000415,10.0.2.15,62.210.85.178,TLSv1.2,590,Application Data
1,0.246091999999976,62.210.85.178,10.0.2.15,TCP,60,9001  >  35978 [ACK] Seq=1911661 Ack=33543663 Win=65535 Len=0
1,0.6927339999999731,54.93.77.70,10.0.2.15,TLSv1.2,590,Application Data
1,0.6928239999999732,10.0.2.15,54.93.77.70,TCP,54,34692  >  9001 [ACK] Seq=1915393 Ack=33495719 Win=65535 Len=0
1,0.693302000000017,10.0.2.15,54.93.77.70,TLSv1.2,1618,Application Data
1,0.6934549999999717,54.93.77.70,10.0.2.15,TCP,60,9001  >  34692 [ACK] Seq=33495719 Ack=1916853 Win=65535 Len=0
1,0.6934690000000501,54.93.77.70,10.0.2.15,TCP,60,9001  >  34692 [ACK] Seq=33495719 Ack=1916957 Win=65535 Len=0
1,0.9994070000000193,62.210.85.178,10.0.2.15,TLSv1.2,1618,Application Data
1,1.0007940000000417,10.0.2.15,62.210.85.178,TCP,54,35978  >  9001 [ACK] Seq=33543663 Ack=1913225 Win=65535 Len=0
1,1.0407860000000255,10.0.2.15,62.210.85.178,TLSv1.2,590,Application Data
1,1.040960000000041,62.210.85.178,10.0.2.15,TCP,60,9001  >  35978 [ACK] Seq=1913225 Ack=33544199 Win=65535 Len=0
1,1.0526600000000599,10.0.2.15,62.210.85.178,TLSv1.2,1618,Application Data
1,1.0528769999999668,62.210.85.178,10.0.2.15,TCP,60,9001  >  35978 [ACK] Seq=1913225 Ack=33545659 Win=65535 Len=0
1,1.0529000000000224,62.210.85.178,10.0.2.15,TCP,60,9001  >  35978 [ACK] Seq=1913225 Ack=33545763 Win=65535 Len=0
1,1.1708579999999529,54.93.77.70,10.0.2.15,TLSv1.2,2132,Application Data
1,1.1709990000000516,10.0.2.15,54.93.77.70,TCP,54,34692  >  9001 [ACK] Seq=1916957 Ack=33497797 Win=65535 Len=0
1,1.1737900000000536,10.0.2.15,54.93.77.70,TLSv1.2,590,Application Data
1,1.1740029999999706,54.93.77.70,10.0.2.15,TCP,60,9001  >  34692 [ACK] Seq=33497797 Ack=1917493 Win=65535 Len=0
1,1.6140589999999975,62.210.85.178,10.0.2.15,TLSv1.2,590,Application Data
1,1.6145229999999628,10.0.2.15,62.210.85.178,TLSv1.2,590,Application Data
1,1.6146529999999757,62.210.85.178,10.0.2.15,TCP,60,9001  >  35978 [ACK] Seq=1913761 Ack=33546299 Win=65535 Len=0
1,1.8191759999999704,54.93.77.70,10.0.2.15,TLSv1.2,590,Application Data
1,1.8195799999999736,10.0.2.15,54.93.77.70,TLSv1.2,590,Application Data
1,1.8196950000000243,54.93.77.70,10.0.2.15,TCP,60,9001  >  34692 [ACK] Seq=33498333 Ack=1918029 Win=65535 Len=0
1,1.9193599999999833,62.210.85.178,10.0.2.15,TLSv1.2,590,Application Data
1,1.9250140000000329,10.0.2.15,62.210.85.178,TLSv1.2,590,Application Data
1,1.9251890000000458,62.210.85.178,10.0.2.15,TCP,60,9001  >  35978 [ACK] Seq=1914297 Ack=33546835 Win=65535 Len=0
1,1.940580999999952,10.0.2.15,62.210.85.178,TLSv1.2,4124,Application Data
1,1.9406880000000228,10.0.2.15,62.210.85.178,TCP,2974,35978  >  9001 [ACK] Seq=33550905 Ack=1914297 Win=65535 Len=2920 [TCP segment of a reassembled PDU]
1,1.9407340000000204,62.210.85.178,10.0.2.15,TCP,60,9001  >  35978 [ACK] Seq=1914297 Ack=33548295 Win=65535 Len=0
1,1.9407439999999951,62.210.85.178,10.0.2.15,TCP,60,9001  >  35978 [ACK] Seq=1914297 Ack=33549755 Win=65535 Len=0
1,1.9407489999999825,62.210.85.178,10.0.2.15,TCP,60,9001  >  35978 [ACK] Seq=1914297 Ack=33550905 Win=65535 Len=0
1,1.94075399999997,62.210.85.178,10.0.2.15,TCP,60,9001  >  35978 [ACK] Seq=1914297 Ack=33552365 Win=65535 Len=0
1,1.9407579999999598,62.210.85.178,10.0.2.15,TCP,60,9001  >  35978 [ACK] Seq=1914297 Ack=33553825 Win=65535 Len=0
1,1.940800999999965,10.0.2.15,62.210.85.178,TLSv1.2,1204,Application Data
1,1.940870000000018,10.0.2.15,62.210.85.178,TCP,2974,35978  >  9001 [ACK] Seq=33554975 Ack=1914297 Win=65535 Len=2920 [TCP segment of a reassembled PDU]
1,1.9409100000000308,62.210.85.178,10.0.2.15,TCP,60,9001  >  35978 [ACK] Seq=1914297 Ack=33554975 Win=65535 Len=0
1,1.940917000000013,62.210.85.178,10.0.2.15,TCP,60,9001  >  35978 [ACK] Seq=1914297 Ack=33556435 Win=65535 Len=0
1,1.940922999999998,62.210.85.178,10.0.2.15,TCP,60,9001  >  35978 [ACK] Seq=1914297 Ack=33557895 Win=65535 Len=0
1,1.9409580000000233,10.0.2.15,62.210.85.178,TLSv1.2,1204,Application Data
1,1.9410229999999729,10.0.2.15,62.210.85.178,TCP,2974,35978  >  9001 [ACK] Seq=33559045 Ack=1914297 Win=65535 Len=2920 [TCP segment of a reassembled PDU]
1,1.9410579999999982,62.210.85.178,10.0.2.15,TCP,60,9001  >  35978 [ACK] Seq=1914297 Ack=33559045 Win=65535 Len=0
1,1.9410649999999805,62.210.85.178,10.0.2.15,TCP,60,9001  >  35978 [ACK] Seq=1914297 Ack=33560505 Win=65535 Len=0
1,1.9410699999999679,62.210.85.178,10.0.2.15,TCP,60,9001  >  35978 [ACK] Seq=1914297 Ack=33561965 Win=65535 Len=0
1,1.9411010000000033,10.0.2.15,62.210.85.178,TLSv1.2,1204,Application Data
1,1.9411800000000312,10.0.2.15,62.210.85.178,TLSv1.2,2974,Application Data
1,1.941218000000049,62.210.85.178,10.0.2.15,TCP,60,9001  >  35978 [ACK] Seq=1914297 Ack=33563115 Win=65535 Len=0
1,1.9412240000000338,62.210.85.178,10.0.2.15,TCP,60,9001  >  35978 [ACK] Seq=1914297 Ack=33564575 Win=65535 Len=0
1,1.9412290000000212,62.210.85.178,10.0.2.15,TCP,60,9001  >  35978 [ACK] Seq=1914297 Ack=33566035 Win=65535 Len=0
1,1.9412600000000566,10.0.2.15,62.210.85.178,TLSv1.2,1226,Application Data
1,1.9413210000000163,10.0.2.15,62.210.85.178,TCP,2974,35978  >  9001 [ACK] Seq=33567207 Ack=1914297 Win=65535 Len=2920 [TCP segment of a reassembled PDU]
1,1.9413600000000315,62.210.85.178,10.0.2.15,TCP,60,9001  >  35978 [ACK] Seq=1914297 Ack=33567207 Win=65535 Len=0
1,1.9413670000000138,62.210.85.178,10.0.2.15,TCP,60,9001  >  35978 [ACK] Seq=1914297 Ack=33568667 Win=65535 Len=0
1,1.9413710000000037,62.210.85.178,10.0.2.15,TCP,60,9001  >  35978 [ACK] Seq=1914297 Ack=33570127 Win=65535 Len=0
1,1.9414020000000392,10.0.2.15,62.210.85.178,TLSv1.2,1204,Application Data
1,1.9414390000000594,62.210.85.178,10.0.2.15,TCP,60,9001  >  35978 [ACK] Seq=1914297 Ack=33571277 Win=65535 Len=0
1,1.941479999999956,10.0.2.15,62.210.85.178,TLSv1.2,974,Application Data
1,1.9415189999999711,62.210.85.178,10.0.2.15,TCP,60,9001  >  35978 [ACK] Seq=1914297 Ack=33572197 Win=65535 Len=0
1,2.8443509999999605,54.93.77.70,10.0.2.15,TLSv1.2,590,Application Data
1,2.8474770000000262,54.93.77.70,10.0.2.15,TLSv1.2,5846,Application Data
1,2.8475160000000415,54.93.77.70,10.0.2.15,TLSv1.2,1502,Application Data
1,2.847598000000062,10.0.2.15,54.93.77.70,TCP,54,34692  >  9001 [ACK] Seq=1918029 Ack=33506109 Win=65535 Len=0
1,2.8497389999999996,54.93.77.70,10.0.2.15,TLSv1.2,7294,"Application Data, Application Data"
1,2.8497859999999946,10.0.2.15,54.93.77.70,TCP,54,34692  >  9001 [ACK] Seq=1918029 Ack=33513349 Win=65535 Len=0
1,2.868765000000053,54.93.77.70,10.0.2.15,TLSv1.2,10958,"Application Data, Application Data, Application Data, Application Data, Application Data"
1,2.8688540000000557,10.0.2.15,54.93.77.70,TCP,54,34692  >  9001 [ACK] Seq=1918029 Ack=33524253 Win=65535 Len=0
1,2.872681000000057,10.0.2.15,54.93.77.70,TLSv1.2,590,Application Data
1,2.872882000000004,54.93.77.70,10.0.2.15,TCP,60,9001  >  34692 [ACK] Seq=33524253 Ack=1918565 Win=65535 Len=0
1,3.0458260000000337,62.210.85.178,10.0.2.15,TLSv1.2,590,Application Data
1,3.0462119999999686,10.0.2.15,62.210.85.178,TLSv1.2,590,Application Data
1,3.0463529999999537,62.210.85.178,10.0.2.15,TCP,60,9001  >  35978 [ACK] Seq=1914833 Ack=33572733 Win=65535 Len=0
1,3.252104000000031,54.93.77.70,10.0.2.15,TLSv1.2,590,Application Data
1,3.2524859999999762,10.0.2.15,54.93.77.70,TLSv1.2,590,Application Data
1,3.2525980000000345,54.93.77.70,10.0.2.15,TCP,60,9001  >  34692 [ACK] Seq=33524789 Ack=1919101 Win=65535 Len=0
1,3.458882000000017,62.210.85.178,10.0.2.15,TLSv1.2,590,Application Data
1,3.4636470000000372,10.0.2.15,62.210.85.178,TLSv1.2,590,Application Data
1,3.463852999999972,62.210.85.178,10.0.2.15,TCP,60,9001  >  35978 [ACK] Seq=1915369 Ack=33573269 Win=65535 Len=0
1,3.476167000000032,10.0.2.15,62.210.85.178,TLSv1.2,4124,Application Data
1,3.476269000000002,10.0.2.15,62.210.85.178,TCP,2974,35978  >  9001 [ACK] Seq=33577339 Ack=1915369 Win=65535 Len=2920 [TCP segment of a reassembled PDU]
1,3.476317999999992,62.210.85.178,10.0.2.15,TCP,60,9001  >  35978 [ACK] Seq=1915369 Ack=33574729 Win=65535 Len=0
1,3.476330999999959,62.210.85.178,10.0.2.15,TCP,60,9001  >  35978 [ACK] Seq=1915369 Ack=33576189 Win=65535 Len=0
1,3.4763370000000577,62.210.85.178,10.0.2.15,TCP,60,9001  >  35978 [ACK] Seq=1915369 Ack=33577339 Win=65535 Len=0
1,3.4763410000000476,62.210.85.178,10.0.2.15,TCP,60,9001  >  35978 [ACK] Seq=1915369 Ack=33578799 Win=65535 Len=0
1,3.47634400000004,62.210.85.178,10.0.2.15,TCP,60,9001  >  35978 [ACK] Seq=1915369 Ack=33580259 Win=65535 Len=0
1,3.4763779999999542,10.0.2.15,62.210.85.178,TLSv1.2,1204,Application Data
1,3.4764129999999795,62.210.85.178,10.0.2.15,TCP,60,9001  >  35978 [ACK] Seq=1915369 Ack=33581409 Win=65535 Len=0
1,3.4764559999999847,10.0.2.15,62.210.85.178,TLSv1.2,3288,Application Data
1,3.476489000000015,62.210.85.178,10.0.2.15,TCP,60,9001  >  35978 [ACK] Seq=1915369 Ack=33582869 Win=65535 Len=0
1,3.476496999999995,62.210.85.178,10.0.2.15,TCP,60,9001  >  35978 [ACK] Seq=1915369 Ack=33584329 Win=65535 Len=0
1,3.476501999999982,62.210.85.178,10.0.2.15,TCP,60,9001  >  35978 [ACK] Seq=1915369 Ack=33584643 Win=65535 Len=0
1,3.765363999999977,54.93.77.70,10.0.2.15,TCP,2950,"9001  >  34692 [PSH, ACK] Seq=33524789 Ack=1919101 Win=65535 Len=2896 [TCP segment of a reassembled PDU]"
1,3.7655200000000377,10.0.2.15,54.93.77.70,TCP,54,34692  >  9001 [ACK] Seq=1919101 Ack=33527685 Win=65535 Len=0
1,3.7797030000000404,54.93.77.70,10.0.2.15,TLSv1.2,264,Application Data
1,3.8235690000000204,10.0.2.15,54.93.77.70,TCP,54,34692  >  9001 [ACK] Seq=1919101 Ack=33527895 Win=65535 Len=0
1,3.8429569999999558,54.93.77.70,10.0.2.15,TLSv1.2,590,Application Data
1,3.8430740000000014,10.0.2.15,54.93.77.70,TCP,54,34692  >  9001 [ACK] Seq=1919101 Ack=33528431 Win=65535 Len=0
1,3.8582910000000084,54.93.77.70,10.0.2.15,TCP,1502,"9001  >  34692 [PSH, ACK] Seq=33528431 Ack=1919101 Win=65535 Len=1448 [TCP segment of a reassembled PDU]"
1,3.8583830000000034,10.0.2.15,54.93.77.70,TCP,54,34692  >  9001 [ACK] Seq=1919101 Ack=33529879 Win=65535 Len=0
1,3.8589359999999715,54.93.77.70,10.0.2.15,TLSv1.2,170,Application Data
1,3.8589869999999564,10.0.2.15,54.93.77.70,TCP,54,34692  >  9001 [ACK] Seq=1919101 Ack=33529995 Win=65535 Len=0
1,4.688189999999963,54.93.77.70,10.0.2.15,TLSv1.2,2646,Application Data
1,4.688269999999989,10.0.2.15,54.93.77.70,TCP,54,34692  >  9001 [ACK] Seq=1919101 Ack=33532587 Win=65535 Len=0
1,4.688506999999959,10.0.2.15,54.93.77.70,TLSv1.2,590,Application Data
1,4.688599999999951,54.93.77.70,10.0.2.15,TCP,60,9001  >  34692 [ACK] Seq=33532587 Ack=1919637 Win=65535 Len=0
1,4.690045000000055,54.93.77.70,10.0.2.15,TCP,2950,"9001  >  34692 [PSH, ACK] Seq=33532587 Ack=1919637 Win=65535 Len=2896 [TCP segment of a reassembled PDU]"
1,4.690067999999997,54.93.77.70,10.0.2.15,TLSv1.2,1314,"Application Data, Application Data"
1,4.6901659999999765,10.0.2.15,54.93.77.70,TCP,54,34692  >  9001 [ACK] Seq=1919637 Ack=33536743 Win=65535 Len=0
1,4.700539000000049,10.0.2.15,54.93.77.70,TLSv1.2,590,Application Data
1,4.700688000000014,54.93.77.70,10.0.2.15,TCP,60,9001  >  34692 [ACK] Seq=33536743 Ack=1920173 Win=65535 Len=0
1,4.890852999999993,62.210.85.178,10.0.2.15,TLSv1.2,590,Application Data
1,4.931803000000059,10.0.2.15,62.210.85.178,TCP,54,35978  >  9001 [ACK] Seq=33584643 Ack=1915905 Win=65535 Len=0
1,4.967360999999983,62.210.85.178,10.0.2.15,TLSv1.2,590,Application Data
1,4.96745999999996,10.0.2.15,62.210.85.178,TCP,54,35978  >  9001 [ACK] Seq=33584643 Ack=1916441 Win=65535 Len=0
1,4.967813999999976,10.0.2.15,62.210.85.178,TLSv1.2,590,Application Data
1,4.96823100000006,62.210.85.178,10.0.2.15,TCP,60,9001  >  35978 [ACK] Seq=1916441 Ack=33585179 Win=65535 Len=0
1,5.300894999999969,54.93.77.70,10.0.2.15,TLSv1.2,590,Application Data
1,5.301334999999995,10.0.2.15,54.93.77.70,TLSv1.2,590,Application Data
1,5.301467000000002,54.93.77.70,10.0.2.15,TCP,60,9001  >  34692 [ACK] Seq=33537279 Ack=1920709 Win=65535 Len=0
1,5.504889000000048,62.210.85.178,10.0.2.15,TLSv1.2,590,Application Data
1,5.516150000000039,10.0.2.15,62.210.85.178,TLSv1.2,590,Application Data
1,5.516344000000004,62.210.85.178,10.0.2.15,TCP,60,9001  >  35978 [ACK] Seq=1916977 Ack=33585715 Win=65535 Len=0
1,5.52828599999998,10.0.2.15,62.210.85.178,TLSv1.2,4124,Application Data
1,5.528410000000008,10.0.2.15,62.210.85.178,TCP,2974,35978  >  9001 [ACK] Seq=33589785 Ack=1916977 Win=65535 Len=2920 [TCP segment of a reassembled PDU]
1,5.528457000000003,62.210.85.178,10.0.2.15,TCP,60,9001  >  35978 [ACK] Seq=1916977 Ack=33587175 Win=65535 Len=0
1,5.528467999999975,62.210.85.178,10.0.2.15,TCP,60,9001  >  35978 [ACK] Seq=1916977 Ack=33588635 Win=65535 Len=0
1,5.528472999999963,62.210.85.178,10.0.2.15,TCP,60,9001  >  35978 [ACK] Seq=1916977 Ack=33589785 Win=65535 Len=0
1,5.528476999999953,62.210.85.178,10.0.2.15,TCP,60,9001  >  35978 [ACK] Seq=1916977 Ack=33591245 Win=65535 Len=0
1,5.528481000000056,62.210.85.178,10.0.2.15,TCP,60,9001  >  35978 [ACK] Seq=1916977 Ack=33592705 Win=65535 Len=0
1,5.528526000000056,10.0.2.15,62.210.85.178,TLSv1.2,1204,Application Data
1,5.528594999999996,10.0.2.15,62.210.85.178,TCP,2974,35978  >  9001 [ACK] Seq=33593855 Ack=1916977 Win=65535 Len=2920 [TCP segment of a reassembled PDU]
1,5.528635000000008,62.210.85.178,10.0.2.15,TCP,60,9001  >  35978 [ACK] Seq=1916977 Ack=33593855 Win=65535 Len=0
1,5.528670000000034,10.0.2.15,62.210.85.178,TLSv1.2,1204,Application Data
1,5.5287060000000565,62.210.85.178,10.0.2.15,TCP,60,9001  >  35978 [ACK] Seq=1916977 Ack=33595315 Win=65535 Len=0
1,5.528712000000041,62.210.85.178,10.0.2.15,TCP,60,9001  >  35978 [ACK] Seq=1916977 Ack=33596775 Win=65535 Len=0
1,5.528716000000031,62.210.85.178,10.0.2.15,TCP,60,9001  >  35978 [ACK] Seq=1916977 Ack=33597925 Win=65535 Len=0
1,5.528764000000024,10.0.2.15,62.210.85.178,TLSv1.2,4124,Application Data
1,5.528843000000052,62.210.85.178,10.0.2.15,TCP,60,9001  >  35978 [ACK] Seq=1916977 Ack=33599385 Win=65535 Len=0
1,5.5288510000000315,62.210.85.178,10.0.2.15,TCP,60,9001  >  35978 [ACK] Seq=1916977 Ack=33600845 Win=65535 Len=0
1,5.528856000000019,62.210.85.178,10.0.2.15,TCP,60,9001  >  35978 [ACK] Seq=1916977 Ack=33601995 Win=65535 Len=0
1,5.528890000000047,10.0.2.15,62.210.85.178,TLSv1.2,332,Application Data
1,5.528927999999951,62.210.85.178,10.0.2.15,TCP,60,9001  >  35978 [ACK] Seq=1916977 Ack=33602273 Win=65535 Len=0
1,5.528982000000042,10.0.2.15,62.210.85.178,TLSv1.2,3868,Application Data
1,5.5290240000000495,62.210.85.178,10.0.2.15,TCP,60,9001  >  35978 [ACK] Seq=1916977 Ack=33603733 Win=65535 Len=0
1,5.529031000000032,62.210.85.178,10.0.2.15,TCP,60,9001  >  35978 [ACK] Seq=1916977 Ack=33605193 Win=65535 Len=0
1,5.529035000000022,62.210.85.178,10.0.2.15,TCP,60,9001  >  35978 [ACK] Seq=1916977 Ack=33606087 Win=65535 Len=0
1,5.529082000000017,10.0.2.15,62.210.85.178,TLSv1.2,4124,Application Data
1,5.529121000000032,62.210.85.178,10.0.2.15,TCP,60,9001  >  35978 [ACK] Seq=1916977 Ack=33607547 Win=65535 Len=0
1,5.5291879999999765,10.0.2.15,62.210.85.178,TCP,2974,35978  >  9001 [ACK] Seq=33610157 Ack=1916977 Win=65535 Len=2920 [TCP segment of a reassembled PDU]
1,5.529210000000035,62.210.85.178,10.0.2.15,TCP,60,9001  >  35978 [ACK] Seq=1916977 Ack=33609007 Win=65535 Len=0
1,5.529217000000017,62.210.85.178,10.0.2.15,TCP,60,9001  >  35978 [ACK] Seq=1916977 Ack=33610157 Win=65535 Len=0
1,5.529251000000045,10.0.2.15,62.210.85.178,TLSv1.2,110,Application Data
1,5.529287999999951,62.210.85.178,10.0.2.15,TCP,60,9001  >  35978 [ACK] Seq=1916977 Ack=33611617 Win=65535 Len=0
1,5.52929400000005,62.210.85.178,10.0.2.15,TCP,60,9001  >  35978 [ACK] Seq=1916977 Ack=33613077 Win=65535 Len=0
1,5.529299000000037,62.210.85.178,10.0.2.15,TCP,60,9001  >  35978 [ACK] Seq=1916977 Ack=33613133 Win=65535 Len=0
1,5.538567000000057,10.0.2.15,62.210.85.178,TLSv1.2,4124,Application Data
1,5.538733999999977,10.0.2.15,62.210.85.178,TCP,2974,35978  >  9001 [ACK] Seq=33617203 Ack=1916977 Win=65535 Len=2920 [TCP segment of a reassembled PDU]
1,5.538759000000027,62.210.85.178,10.0.2.15,TCP,60,9001  >  35978 [ACK] Seq=1916977 Ack=33614593 Win=65535 Len=0
1,5.5387699999999995,62.210.85.178,10.0.2.15,TCP,60,9001  >  35978 [ACK] Seq=1916977 Ack=33616053 Win=65535 Len=0
1,5.538773999999989,62.210.85.178,10.0.2.15,TCP,60,9001  >  35978 [ACK] Seq=1916977 Ack=33617203 Win=65535 Len=0
1,5.538815999999997,10.0.2.15,62.210.85.178,TLSv1.2,1204,Application Data
1,5.538860999999997,62.210.85.178,10.0.2.15,TCP,60,9001  >  35978 [ACK] Seq=1916977 Ack=33618663 Win=65535 Len=0
1,5.538866999999982,62.210.85.178,10.0.2.15,TCP,60,9001  >  35978 [ACK] Seq=1916977 Ack=33620123 Win=65535 Len=0
1,5.538939000000028,10.0.2.15,62.210.85.178,TCP,2974,35978  >  9001 [ACK] Seq=33621273 Ack=1916977 Win=65535 Len=2920 [TCP segment of a reassembled PDU]
1,5.538959999999975,62.210.85.178,10.0.2.15,TCP,60,9001  >  35978 [ACK] Seq=1916977 Ack=33621273 Win=65535 Len=0
1,5.538994000000002,10.0.2.15,62.210.85.178,TLSv1.2,1204,Application Data
1,5.539030000000025,62.210.85.178,10.0.2.15,TCP,60,9001  >  35978 [ACK] Seq=1916977 Ack=33622733 Win=65535 Len=0
1,5.5390370000000075,62.210.85.178,10.0.2.15,TCP,60,9001  >  35978 [ACK] Seq=1916977 Ack=33624193 Win=65535 Len=0
1,5.539041999999995,62.210.85.178,10.0.2.15,TCP,60,9001  >  35978 [ACK] Seq=1916977 Ack=33625343 Win=65535 Len=0
1,5.539089999999987,10.0.2.15,62.210.85.178,TLSv1.2,4124,Application Data
1,5.5391329999999925,62.210.85.178,10.0.2.15,TCP,60,9001  >  35978 [ACK] Seq=1916977 Ack=33626803 Win=65535 Len=0
1,5.539138999999977,62.210.85.178,10.0.2.15,TCP,60,9001  >  35978 [ACK] Seq=1916977 Ack=33628263 Win=65535 Len=0
1,5.539143999999965,62.210.85.178,10.0.2.15,TCP,60,9001  >  35978 [ACK] Seq=1916977 Ack=33629413 Win=65535 Len=0
1,5.53918699999997,10.0.2.15,62.210.85.178,TLSv1.2,332,Application Data
1,5.539225999999985,62.210.85.178,10.0.2.15,TCP,60,9001  >  35978 [ACK] Seq=1916977 Ack=33629691 Win=65535 Len=0
1,5.539289000000053,10.0.2.15,62.210.85.178,TLSv1.2,3868,Application Data
1,5.53932999999995,62.210.85.178,10.0.2.15,TCP,60,9001  >  35978 [ACK] Seq=1916977 Ack=33631151 Win=65535 Len=0
1,5.539337000000046,62.210.85.178,10.0.2.15,TCP,60,9001  >  35978 [ACK] Seq=1916977 Ack=33632611 Win=65535 Len=0
1,5.539341000000036,62.210.85.178,10.0.2.15,TCP,60,9001  >  35978 [ACK] Seq=1916977 Ack=33633505 Win=65535 Len=0
1,5.539387000000033,10.0.2.15,62.210.85.178,TLSv1.2,4124,Application Data
1,5.539429000000041,62.210.85.178,10.0.2.15,TCP,60,9001  >  35978 [ACK] Seq=1916977 Ack=33634965 Win=65535 Len=0
1,5.539436000000023,62.210.85.178,10.0.2.15,TCP,60,9001  >  35978 [ACK] Seq=1916977 Ack=33636425 Win=65535 Len=0
1,5.539440000000013,62.210.85.178,10.0.2.15,TCP,60,9001  >  35978 [ACK] Seq=1916977 Ack=33637575 Win=65535 Len=0
1,5.539484000000016,10.0.2.15,62.210.85.178,TLSv1.2,3030,Application Data
1,5.539545999999973,62.210.85.178,10.0.2.15,TCP,60,9001  >  35978 [ACK] Seq=1916977 Ack=33639035 Win=65535 Len=0
1,5.539559000000054,62.210.85.178,10.0.2.15,TCP,60,9001  >  35978 [ACK] Seq=1916977 Ack=33640495 Win=65535 Len=0
1,5.539563000000044,62.210.85.178,10.0.2.15,TCP,60,9001  >  35978 [ACK] Seq=1916977 Ack=33640551 Win=65535 Len=0
1,5.552043000000026,10.0.2.15,62.210.85.178,TLSv1.2,4124,Application Data
1,5.552139000000011,10.0.2.15,62.210.85.178,TCP,2974,35978  >  9001 [ACK] Seq=33644621 Ack=1916977 Win=65535 Len=2920 [TCP segment of a reassembled PDU]
1,5.552185000000009,62.210.85.178,10.0.2.15,TCP,60,9001  >  35978 [ACK] Seq=1916977 Ack=33642011 Win=65535 Len=0
1,5.552193999999986,62.210.85.178,10.0.2.15,TCP,60,9001  >  35978 [ACK] Seq=1916977 Ack=33643471 Win=65535 Len=0
1,5.552197999999976,62.210.85.178,10.0.2.15,TCP,60,9001  >  35978 [ACK] Seq=1916977 Ack=33644621 Win=65535 Len=0
1,5.552252999999951,62.210.85.178,10.0.2.15,TCP,60,9001  >  35978 [ACK] Seq=1916977 Ack=33646081 Win=65535 Len=0
1,5.552259000000049,62.210.85.178,10.0.2.15,TCP,60,9001  >  35978 [ACK] Seq=1916977 Ack=33647541 Win=65535 Len=0
1,5.552294999999958,10.0.2.15,62.210.85.178,TLSv1.2,1204,Application Data
1,5.552370999999994,62.210.85.178,10.0.2.15,TCP,60,9001  >  35978 [ACK] Seq=1916977 Ack=33648691 Win=65535 Len=0
1,5.552413000000001,10.0.2.15,62.210.85.178,TLSv1.2,4124,Application Data
1,5.552450000000022,62.210.85.178,10.0.2.15,TCP,60,9001  >  35978 [ACK] Seq=1916977 Ack=33650151 Win=65535 Len=0
1,5.552457000000004,62.210.85.178,10.0.2.15,TCP,60,9001  >  35978 [ACK] Seq=1916977 Ack=33651611 Win=65535 Len=0
1,5.552460999999994,62.210.85.178,10.0.2.15,TCP,60,9001  >  35978 [ACK] Seq=1916977 Ack=33652761 Win=65535 Len=0
1,5.552507999999989,10.0.2.15,62.210.85.178,TLSv1.2,4124,Application Data
1,5.552547000000004,62.210.85.178,10.0.2.15,TCP,60,9001  >  35978 [ACK] Seq=1916977 Ack=33654221 Win=65535 Len=0
1,5.5525539999999864,62.210.85.178,10.0.2.15,TCP,60,9001  >  35978 [ACK] Seq=1916977 Ack=33655681 Win=65535 Len=0
1,5.552557999999976,62.210.85.178,10.0.2.15,TCP,60,9001  >  35978 [ACK] Seq=1916977 Ack=33656831 Win=65535 Len=0
1,5.552599999999984,10.0.2.15,62.210.85.178,TLSv1.2,332,Application Data
1,5.552638000000002,62.210.85.178,10.0.2.15,TCP,60,9001  >  35978 [ACK] Seq=1916977 Ack=33657109 Win=65535 Len=0
1,5.552695999999969,10.0.2.15,62.210.85.178,TLSv1.2,3868,Application Data
1,5.552736999999979,62.210.85.178,10.0.2.15,TCP,60,9001  >  35978 [ACK] Seq=1916977 Ack=33658569 Win=65535 Len=0
1,5.5527439999999615,62.210.85.178,10.0.2.15,TCP,60,9001  >  35978 [ACK] Seq=1916977 Ack=33660029 Win=65535 Len=0
1,5.5527490000000626,62.210.85.178,10.0.2.15,TCP,60,9001  >  35978 [ACK] Seq=1916977 Ack=33660923 Win=65535 Len=0
1,5.55279500000006,10.0.2.15,62.210.85.178,TLSv1.2,4124,Application Data
1,5.5528379999999515,62.210.85.178,10.0.2.15,TCP,60,9001  >  35978 [ACK] Seq=1916977 Ack=33662383 Win=65535 Len=0
1,5.5528450000000475,62.210.85.178,10.0.2.15,TCP,60,9001  >  35978 [ACK] Seq=1916977 Ack=33663843 Win=65535 Len=0
1,5.5528490000000374,62.210.85.178,10.0.2.15,TCP,60,9001  >  35978 [ACK] Seq=1916977 Ack=33664993 Win=65535 Len=0
1,5.552891000000045,10.0.2.15,62.210.85.178,TLSv1.2,3030,Application Data
1,5.552972999999952,62.210.85.178,10.0.2.15,TCP,60,9001  >  35978 [ACK] Seq=1916977 Ack=33666453 Win=65535 Len=0
1,5.5529920000000175,62.210.85.178,10.0.2.15,TCP,60,9001  >  35978 [ACK] Seq=1916977 Ack=33667913 Win=65535 Len=0
1,5.552997000000005,62.210.85.178,10.0.2.15,TCP,60,9001  >  35978 [ACK] Seq=1916977 Ack=33667969 Win=65535 Len=0
1,5.5620870000000195,10.0.2.15,62.210.85.178,TLSv1.2,2132,Application Data
1,5.562188999999989,62.210.85.178,10.0.2.15,TCP,60,9001  >  35978 [ACK] Seq=1916977 Ack=33669429 Win=65535 Len=0
1,5.562200999999959,62.210.85.178,10.0.2.15,TCP,60,9001  >  35978 [ACK] Seq=1916977 Ack=33670047 Win=65535 Len=0
1,5.672129000000041,54.93.77.70,10.0.2.15,TLSv1.2,590,Application Data
1,5.694549000000052,54.93.77.70,10.0.2.15,TLSv1.2,3674,Application Data
1,5.694659999999999,10.0.2.15,54.93.77.70,TCP,54,34692  >  9001 [ACK] Seq=1920709 Ack=33541435 Win=65535 Len=0
1,5.751064000000042,54.93.77.70,10.0.2.15,TLSv1.2,3674,Application Data
1,5.751161000000025,10.0.2.15,54.93.77.70,TCP,54,34692  >  9001 [ACK] Seq=1920709 Ack=33545055 Win=65535 Len=0
1,5.796359000000052,54.93.77.70,10.0.2.15,TLSv1.2,3674,Application Data
1,5.7964359999999715,10.0.2.15,54.93.77.70,TCP,54,34692  >  9001 [ACK] Seq=1920709 Ack=33548675 Win=65535 Len=0
1,5.812469999999962,54.93.77.70,10.0.2.15,TLSv1.2,590,Application Data
1,5.8555900000000065,10.0.2.15,54.93.77.70,TCP,54,34692  >  9001 [ACK] Seq=1920709 Ack=33549211 Win=65535 Len=0
1,5.871955999999955,54.93.77.70,10.0.2.15,TLSv1.2,3674,Application Data
1,5.872050000000058,10.0.2.15,54.93.77.70,TCP,54,34692  >  9001 [ACK] Seq=1920709 Ack=33552831 Win=65535 Len=0
1,5.97057099999995,54.93.77.70,10.0.2.15,TLSv1.2,3674,Application Data
1,5.970668000000046,10.0.2.15,54.93.77.70,TCP,54,34692  >  9001 [ACK] Seq=1920709 Ack=33556451 Win=65535 Len=0
1,5.999176000000034,54.93.77.70,10.0.2.15,TLSv1.2,590,Application Data
1,5.999347000000057,10.0.2.15,54.93.77.70,TCP,54,34692  >  9001 [ACK] Seq=1920709 Ack=33556987 Win=65535 Len=0
1,6.075354000000061,54.93.77.70,10.0.2.15,TLSv1.2,3674,Application Data
1,6.075436999999965,10.0.2.15,54.93.77.70,TCP,54,34692  >  9001 [ACK] Seq=1920709 Ack=33560607 Win=65535 Len=0
1,6.139911999999981,54.93.77.70,10.0.2.15,TLSv1.2,590,Application Data
1,6.1399959999999965,10.0.2.15,54.93.77.70,TCP,54,34692  >  9001 [ACK] Seq=1920709 Ack=33561143 Win=65535 Len=0
1,6.148792999999955,54.93.77.70,10.0.2.15,TCP,2950,"9001  >  34692 [PSH, ACK] Seq=33561143 Ack=1920709 Win=65535 Len=2896 [TCP segment of a reassembled PDU]"
1,6.148846000000049,10.0.2.15,54.93.77.70,TCP,54,34692  >  9001 [ACK] Seq=1920709 Ack=33564039 Win=65535 Len=0
1,6.15744200000006,54.93.77.70,10.0.2.15,TLSv1.2,778,Application Data
1,6.1574849999999515,10.0.2.15,54.93.77.70,TCP,54,34692  >  9001 [ACK] Seq=1920709 Ack=33564763 Win=65535 Len=0
1,6.157678000000033,10.0.2.15,54.93.77.70,TLSv1.2,590,Application Data
1,6.157789999999977,54.93.77.70,10.0.2.15,TCP,60,9001  >  34692 [ACK] Seq=33564763 Ack=1921245 Win=65535 Len=0
1,6.172422999999981,54.93.77.70,10.0.2.15,TCP,2950,"9001  >  34692 [PSH, ACK] Seq=33564763 Ack=1921245 Win=65535 Len=2896 [TCP segment of a reassembled PDU]"
1,6.172492000000034,10.0.2.15,54.93.77.70,TCP,54,34692  >  9001 [ACK] Seq=1921245 Ack=33567659 Win=65535 Len=0
1,6.174147000000062,54.93.77.70,10.0.2.15,TLSv1.2,778,Application Data
1,6.215604999999982,10.0.2.15,54.93.77.70,TCP,54,34692  >  9001 [ACK] Seq=1921245 Ack=33568383 Win=65535 Len=0
1,6.233242000000018,54.93.77.70,10.0.2.15,TLSv1.2,1104,Application Data
1,6.233348999999976,10.0.2.15,54.93.77.70,TCP,54,34692  >  9001 [ACK] Seq=1921245 Ack=33569433 Win=65535 Len=0
1,6.2514999999999645,54.93.77.70,10.0.2.15,TLSv1.2,3674,Application Data
1,6.2515789999999924,10.0.2.15,54.93.77.70,TCP,54,34692  >  9001 [ACK] Seq=1921245 Ack=33573053 Win=65535 Len=0
1,6.289680999999973,54.93.77.70,10.0.2.15,TLSv1.2,3674,Application Data
1,6.289760999999999,10.0.2.15,54.93.77.70,TCP,54,34692  >  9001 [ACK] Seq=1921245 Ack=33576673 Win=65535 Len=0
1,6.309451999999965,54.93.77.70,10.0.2.15,TCP,2950,"9001  >  34692 [PSH, ACK] Seq=33576673 Ack=1921245 Win=65535 Len=2896 [TCP segment of a reassembled PDU]"
1,6.309534999999983,10.0.2.15,54.93.77.70,TCP,54,34692  >  9001 [ACK] Seq=1921245 Ack=33579569 Win=65535 Len=0
1,6.315198000000009,54.93.77.70,10.0.2.15,TLSv1.2,778,Application Data
1,6.3152639999999565,10.0.2.15,54.93.77.70,TCP,54,34692  >  9001 [ACK] Seq=1921245 Ack=33580293 Win=65535 Len=0
1,6.354157999999984,54.93.77.70,10.0.2.15,TLSv1.2,3674,Application Data
1,6.3543090000000575,10.0.2.15,54.93.77.70,TCP,54,34692  >  9001 [ACK] Seq=1921245 Ack=33583913 Win=65535 Len=0
1,6.354529999999954,10.0.2.15,54.93.77.70,TLSv1.2,590,Application Data
1,6.3545970000000125,54.93.77.70,10.0.2.15,TCP,60,9001  >  34692 [ACK] Seq=33583913 Ack=1921781 Win=65535 Len=0
1,6.3625769999999875,54.93.77.70,10.0.2.15,TCP,2950,"9001  >  34692 [PSH, ACK] Seq=33583913 Ack=1921781 Win=65535 Len=2896 [TCP segment of a reassembled PDU]"
1,6.362668999999983,10.0.2.15,54.93.77.70,TCP,54,34692  >  9001 [ACK] Seq=1921781 Ack=33586809 Win=65535 Len=0
1,6.369548000000009,62.210.85.178,10.0.2.15,TLSv1.2,590,Application Data
1,6.371977000000015,54.93.77.70,10.0.2.15,TLSv1.2,778,Application Data
1,6.41226000000006,10.0.2.15,62.210.85.178,TCP,54,35978  >  9001 [ACK] Seq=33670047 Ack=1917513 Win=65535 Len=0
1,6.415626999999972,10.0.2.15,54.93.77.70,TCP,54,34692  >  9001 [ACK] Seq=1921781 Ack=33587533 Win=65535 Len=0
1,6.421477999999979,54.93.77.70,10.0.2.15,TLSv1.2,1618,Application Data
1,6.421572999999967,10.0.2.15,54.93.77.70,TCP,54,34692  >  9001 [ACK] Seq=1921781 Ack=33589097 Win=65535 Len=0
1,6.421721000000048,10.0.2.15,54.93.77.70,TLSv1.2,590,Application Data
1,6.421790999999985,54.93.77.70,10.0.2.15,TCP,60,9001  >  34692 [ACK] Seq=33589097 Ack=1922317 Win=65535 Len=0
1,6.434553000000051,54.93.77.70,10.0.2.15,TCP,2950,"9001  >  34692 [PSH, ACK] Seq=33589097 Ack=1922317 Win=65535 Len=2896 [TCP segment of a reassembled PDU]"
1,6.434688000000051,10.0.2.15,54.93.77.70,TCP,54,34692  >  9001 [ACK] Seq=1922317 Ack=33591993 Win=65535 Len=0
1,6.44112199999995,54.93.77.70,10.0.2.15,TLSv1.2,778,Application Data
1,6.454819000000043,54.93.77.70,10.0.2.15,TLSv1.2,2950,Application Data
1,6.454881999999998,10.0.2.15,54.93.77.70,TCP,54,34692  >  9001 [ACK] Seq=1922317 Ack=33595613 Win=65535 Len=0
1,6.457875000000058,54.93.77.70,10.0.2.15,TLSv1.2,1314,Application Data
1,6.478414000000043,62.210.85.178,10.0.2.15,TLSv1.2,590,Application Data
1,6.478464000000031,10.0.2.15,62.210.85.178,TCP,54,35978  >  9001 [ACK] Seq=33670047 Ack=1918049 Win=65535 Len=0
1,6.48576300000002,54.93.77.70,10.0.2.15,TLSv1.2,4398,Application Data
1,6.485847000000035,10.0.2.15,54.93.77.70,TCP,54,34692  >  9001 [ACK] Seq=1922317 Ack=33601217 Win=65535 Len=0
1,6.486207000000036,54.93.77.70,10.0.2.15,TLSv1.2,3464,Application Data
1,6.486248000000046,10.0.2.15,54.93.77.70,TCP,54,34692  >  9001 [ACK] Seq=1922317 Ack=33604627 Win=65535 Len=0
1,6.4956059999999525,54.93.77.70,10.0.2.15,TCP,2950,"9001  >  34692 [PSH, ACK] Seq=33604627 Ack=1922317 Win=65535 Len=2896 [TCP segment of a reassembled PDU]"
1,6.49569299999996,10.0.2.15,54.93.77.70,TCP,54,34692  >  9001 [ACK] Seq=1922317 Ack=33607523 Win=65535 Len=0
1,6.503579000000059,54.93.77.70,10.0.2.15,TLSv1.2,778,Application Data
1,6.518587000000025,54.93.77.70,10.0.2.15,TCP,2950,"9001  >  34692 [PSH, ACK] Seq=33608247 Ack=1922317 Win=65535 Len=2896 [TCP segment of a reassembled PDU]"
1,6.518670000000043,10.0.2.15,54.93.77.70,TCP,54,34692  >  9001 [ACK] Seq=1922317 Ack=33611143 Win=65535 Len=0
1,6.519806000000017,54.93.77.70,10.0.2.15,TLSv1.2,778,Application Data
1,6.536456000000044,54.93.77.70,10.0.2.15,TLSv1.2,1104,Application Data
1,6.53649299999995,62.210.85.178,10.0.2.15,TLSv1.2,590,Application Data
1,6.536553000000026,10.0.2.15,54.93.77.70,TCP,54,34692  >  9001 [ACK] Seq=1922317 Ack=33612917 Win=65535 Len=0
1,6.536593000000039,10.0.2.15,62.210.85.178,TCP,54,35978  >  9001 [ACK] Seq=33670047 Ack=1918585 Win=65535 Len=0
1,6.541272000000049,54.93.77.70,10.0.2.15,TCP,2950,"9001  >  34692 [PSH, ACK] Seq=33612917 Ack=1922317 Win=65535 Len=2896 [TCP segment of a reassembled PDU]"
1,6.541337999999996,10.0.2.15,54.93.77.70,TCP,54,34692  >  9001 [ACK] Seq=1922317 Ack=33615813 Win=65535 Len=0
1,6.552497000000017,54.93.77.70,10.0.2.15,TLSv1.2,778,Application Data
1,6.552671000000032,10.0.2.15,54.93.77.70,TLSv1.2,590,Application Data
1,6.5527510000000575,54.93.77.70,10.0.2.15,TCP,60,9001  >  34692 [ACK] Seq=33616537 Ack=1922853 Win=65535 Len=0
1,6.6060509999999795,54.93.77.70,10.0.2.15,TLSv1.2,5752,"Application Data, Application Data"
1,6.606160000000045,10.0.2.15,54.93.77.70,TCP,54,34692  >  9001 [ACK] Seq=1922853 Ack=33622235 Win=65535 Len=0
1,6.609005000000025,10.0.2.15,54.93.77.70,TLSv1.2,590,Application Data
1,6.609152999999992,54.93.77.70,10.0.2.15,TCP,60,9001  >  34692 [ACK] Seq=33622235 Ack=1923389 Win=65535 Len=0
1,6.6933760000000575,62.210.85.178,10.0.2.15,TLSv1.2,590,Application Data
1,6.693466000000058,10.0.2.15,62.210.85.178,TCP,54,35978  >  9001 [ACK] Seq=33670047 Ack=1919121 Win=65535 Len=0
1,6.751123000000007,62.210.85.178,10.0.2.15,TLSv1.2,590,Application Data
1,6.751223999999979,10.0.2.15,62.210.85.178,TCP,54,35978  >  9001 [ACK] Seq=33670047 Ack=1919657 Win=65535 Len=0
1,6.75152700000001,10.0.2.15,62.210.85.178,TLSv1.2,590,Application Data
1,6.751611000000025,62.210.85.178,10.0.2.15,TCP,60,9001  >  35978 [ACK] Seq=1919657 Ack=33670583 Win=65535 Len=0
1,6.9384469999999965,54.93.77.70,10.0.2.15,TLSv1.2,590,Application Data
1,6.938882000000035,10.0.2.15,54.93.77.70,TLSv1.2,590,Application Data
1,6.939008000000058,54.93.77.70,10.0.2.15,TCP,60,9001  >  34692 [ACK] Seq=33622771 Ack=1923925 Win=65535 Len=0
1,7.143892000000051,62.210.85.178,10.0.2.15,TLSv1.2,590,Application Data
1,7.150720999999976,10.0.2.15,62.210.85.178,TLSv1.2,590,Application Data
1,7.150943999999981,62.210.85.178,10.0.2.15,TCP,60,9001  >  35978 [ACK] Seq=1920193 Ack=33671119 Win=65535 Len=0
1,7.1612199999999575,10.0.2.15,62.210.85.178,TLSv1.2,4124,Application Data
1,7.161334000000011,10.0.2.15,62.210.85.178,TCP,2974,35978  >  9001 [ACK] Seq=33675189 Ack=1920193 Win=65535 Len=2920 [TCP segment of a reassembled PDU]
1,7.161379000000011,62.210.85.178,10.0.2.15,TCP,60,9001  >  35978 [ACK] Seq=1920193 Ack=33672579 Win=65535 Len=0
1,7.161388999999986,62.210.85.178,10.0.2.15,TCP,60,9001  >  35978 [ACK] Seq=1920193 Ack=33674039 Win=65535 Len=0
1,7.161393999999973,62.210.85.178,10.0.2.15,TCP,60,9001  >  35978 [ACK] Seq=1920193 Ack=33675189 Win=65535 Len=0
1,7.161397999999963,62.210.85.178,10.0.2.15,TCP,60,9001  >  35978 [ACK] Seq=1920193 Ack=33676649 Win=65535 Len=0
1,7.161401999999953,62.210.85.178,10.0.2.15,TCP,60,9001  >  35978 [ACK] Seq=1920193 Ack=33678109 Win=65535 Len=0
1,7.161451000000056,10.0.2.15,62.210.85.178,TLSv1.2,1204,Application Data
1,7.161525999999981,62.210.85.178,10.0.2.15,TCP,60,9001  >  35978 [ACK] Seq=1920193 Ack=33679259 Win=65535 Len=0
1,7.161597000000029,10.0.2.15,62.210.85.178,TLSv1.2,4124,Application Data
1,7.161698000000001,62.210.85.178,10.0.2.15,TCP,60,9001  >  35978 [ACK] Seq=1920193 Ack=33680719 Win=65535 Len=0
1,7.1617089999999735,62.210.85.178,10.0.2.15,TCP,60,9001  >  35978 [ACK] Seq=1920193 Ack=33682179 Win=65535 Len=0
1,7.161713999999961,62.210.85.178,10.0.2.15,TCP,60,9001  >  35978 [ACK] Seq=1920193 Ack=33683329 Win=65535 Len=0
1,7.161760999999956,10.0.2.15,62.210.85.178,TLSv1.2,4124,Application Data
1,7.1618590000000495,62.210.85.178,10.0.2.15,TCP,60,9001  >  35978 [ACK] Seq=1920193 Ack=33684789 Win=65535 Len=0
1,7.161867000000029,62.210.85.178,10.0.2.15,TCP,60,9001  >  35978 [ACK] Seq=1920193 Ack=33686249 Win=65535 Len=0
1,7.161872000000017,62.210.85.178,10.0.2.15,TCP,60,9001  >  35978 [ACK] Seq=1920193 Ack=33687399 Win=65535 Len=0
1,7.1619060000000445,10.0.2.15,62.210.85.178,TLSv1.2,332,Application Data
1,7.161969999999997,10.0.2.15,62.210.85.178,TCP,2974,35978  >  9001 [ACK] Seq=33687677 Ack=1920193 Win=65535 Len=2920 [TCP segment of a reassembled PDU]
1,7.162008000000014,62.210.85.178,10.0.2.15,TCP,60,9001  >  35978 [ACK] Seq=1920193 Ack=33687677 Win=65535 Len=0
1,7.162014999999997,62.210.85.178,10.0.2.15,TCP,60,9001  >  35978 [ACK] Seq=1920193 Ack=33689137 Win=65535 Len=0
1,7.162018999999987,62.210.85.178,10.0.2.15,TCP,60,9001  >  35978 [ACK] Seq=1920193 Ack=33690597 Win=65535 Len=0
1,7.162054000000012,10.0.2.15,62.210.85.178,TLSv1.2,948,Application Data
1,7.162117999999964,10.0.2.15,62.210.85.178,TCP,2974,35978  >  9001 [ACK] Seq=33691491 Ack=1920193 Win=65535 Len=2920 [TCP segment of a reassembled PDU]
1,7.162153999999987,62.210.85.178,10.0.2.15,TCP,60,9001  >  35978 [ACK] Seq=1920193 Ack=33691491 Win=65535 Len=0
1,7.162159999999972,62.210.85.178,10.0.2.15,TCP,60,9001  >  35978 [ACK] Seq=1920193 Ack=33692951 Win=65535 Len=0
1,7.162164999999959,62.210.85.178,10.0.2.15,TCP,60,9001  >  35978 [ACK] Seq=1920193 Ack=33694411 Win=65535 Len=0
1,7.162198999999987,10.0.2.15,62.210.85.178,TLSv1.2,1204,Application Data
1,7.162237000000005,62.210.85.178,10.0.2.15,TCP,60,9001  >  35978 [ACK] Seq=1920193 Ack=33695561 Win=65535 Len=0
1,7.162281000000007,10.0.2.15,62.210.85.178,TLSv1.2,3030,Application Data
1,7.16232100000002,62.210.85.178,10.0.2.15,TCP,60,9001  >  35978 [ACK] Seq=1920193 Ack=33697021 Win=65535 Len=0
1,7.162328000000002,62.210.85.178,10.0.2.15,TCP,60,9001  >  35978 [ACK] Seq=1920193 Ack=33698481 Win=65535 Len=0
1,7.162331999999992,62.210.85.178,10.0.2.15,TCP,60,9001  >  35978 [ACK] Seq=1920193 Ack=33698537 Win=65535 Len=0
1,7.171514999999999,10.0.2.15,62.210.85.178,TLSv1.2,4124,Application Data
1,7.171627000000058,62.210.85.178,10.0.2.15,TCP,60,9001  >  35978 [ACK] Seq=1920193 Ack=33699997 Win=65535 Len=0
1,7.1716370000000325,62.210.85.178,10.0.2.15,TCP,60,9001  >  35978 [ACK] Seq=1920193 Ack=33701457 Win=65535 Len=0
1,7.17164200000002,62.210.85.178,10.0.2.15,TCP,60,9001  >  35978 [ACK] Seq=1920193 Ack=33702607 Win=65535 Len=0
1,7.1716840000000275,10.0.2.15,62.210.85.178,TLSv1.2,4124,Application Data
1,7.17174799999998,10.0.2.15,62.210.85.178,TCP,1514,35978  >  9001 [ACK] Seq=33706677 Ack=1920193 Win=65535 Len=1460 [TCP segment of a reassembled PDU]
1,7.171785999999997,62.210.85.178,10.0.2.15,TCP,60,9001  >  35978 [ACK] Seq=1920193 Ack=33704067 Win=65535 Len=0
1,7.17179299999998,62.210.85.178,10.0.2.15,TCP,60,9001  >  35978 [ACK] Seq=1920193 Ack=33705527 Win=65535 Len=0
1,7.17179699999997,62.210.85.178,10.0.2.15,TCP,60,9001  >  35978 [ACK] Seq=1920193 Ack=33706677 Win=65535 Len=0
1,7.171801999999957,62.210.85.178,10.0.2.15,TCP,60,9001  >  35978 [ACK] Seq=1920193 Ack=33708137 Win=65535 Len=0
1,7.17183799999998,10.0.2.15,62.210.85.178,TLSv1.2,800,Application Data
1,7.171934999999962,62.210.85.178,10.0.2.15,TCP,60,9001  >  35978 [ACK] Seq=1920193 Ack=33708883 Win=65535 Len=0
1,7.2384080000000495,54.93.77.70,10.0.2.15,TLSv1.2,590,Application Data
1,7.2717420000000175,54.93.77.70,10.0.2.15,TCP,2950,"9001  >  34692 [PSH, ACK] Seq=33623307 Ack=1923925 Win=65535 Len=2896 [TCP segment of a reassembled PDU]"
1,7.271812999999952,10.0.2.15,54.93.77.70,TCP,54,34692  >  9001 [ACK] Seq=1923925 Ack=33626203 Win=65535 Len=0
1,7.288994000000002,54.93.77.70,10.0.2.15,TLSv1.2,778,Application Data
1,7.290810999999962,54.93.77.70,10.0.2.15,TLSv1.2,7294,Application Data
1,7.290896999999973,10.0.2.15,54.93.77.70,TCP,54,34692  >  9001 [ACK] Seq=1923925 Ack=33634167 Win=65535 Len=0
1,7.299855999999977,54.93.77.70,10.0.2.15,TLSv1.2,5846,"Application Data, Application Data, Application Data"
1,7.299909999999954,10.0.2.15,54.93.77.70,TCP,54,34692  >  9001 [ACK] Seq=1923925 Ack=33639959 Win=65535 Len=0
1,7.300190000000043,10.0.2.15,54.93.77.70,TLSv1.2,590,Application Data
1,7.3002669999999625,54.93.77.70,10.0.2.15,TCP,60,9001  >  34692 [ACK] Seq=33639959 Ack=1924461 Win=65535 Len=0
1,7.3079139999999825,54.93.77.70,10.0.2.15,TLSv1.2,2552,Application Data
1,7.307965999999965,10.0.2.15,54.93.77.70,TCP,54,34692  >  9001 [ACK] Seq=1924461 Ack=33642457 Win=65535 Len=0
1,7.316782999999987,54.93.77.70,10.0.2.15,TLSv1.2,4398,Application Data
1,7.31686000000002,10.0.2.15,54.93.77.70,TCP,54,34692  >  9001 [ACK] Seq=1924461 Ack=33646801 Win=65535 Len=0
1,7.324379000000022,54.93.77.70,10.0.2.15,TLSv1.2,380,Application Data
1,7.325756999999953,54.93.77.70,10.0.2.15,TLSv1.2,5846,Application Data
1,7.325844999999958,10.0.2.15,54.93.77.70,TCP,54,34692  >  9001 [ACK] Seq=1924461 Ack=33652919 Win=65535 Len=0
1,7.325868000000014,54.93.77.70,10.0.2.15,TCP,1502,"9001  >  34692 [PSH, ACK] Seq=33652919 Ack=1924461 Win=65535 Len=1448 [TCP segment of a reassembled PDU]"
1,7.325920999999994,10.0.2.15,54.93.77.70,TCP,54,34692  >  9001 [ACK] Seq=1924461 Ack=33654367 Win=65535 Len=0
1,7.326046000000019,10.0.2.15,54.93.77.70,TLSv1.2,590,Application Data
1,7.326110999999969,54.93.77.70,10.0.2.15,TCP,60,9001  >  34692 [ACK] Seq=33654367 Ack=1924997 Win=65535 Len=0
1,7.3429740000000265,54.93.77.70,10.0.2.15,TLSv1.2,568,Application Data
1,7.349036999999953,54.93.77.70,10.0.2.15,TCP,2950,"9001  >  34692 [PSH, ACK] Seq=33654881 Ack=1924997 Win=65535 Len=2896 [TCP segment of a reassembled PDU]"
1,7.349229000000037,10.0.2.15,54.93.77.70,TCP,54,34692  >  9001 [ACK] Seq=1924997 Ack=33657777 Win=65535 Len=0
1,7.360686999999984,54.93.77.70,10.0.2.15,TLSv1.2,2950,Application Data [TCP segment of a reassembled PDU]
1,7.360777999999982,10.0.2.15,54.93.77.70,TCP,54,34692  >  9001 [ACK] Seq=1924997 Ack=33660673 Win=65535 Len=0
1,7.365188999999987,54.93.77.70,10.0.2.15,TLSv1.2,474,Application Data
1,7.367504000000054,10.0.2.15,54.93.77.70,TLSv1.2,590,Application Data
1,7.3676719999999705,54.93.77.70,10.0.2.15,TCP,60,9001  >  34692 [ACK] Seq=33661093 Ack=1925533 Win=65535 Len=0
1,7.4209070000000565,62.210.85.178,10.0.2.15,TLSv1.2,590,Application Data
1,7.463570000000004,10.0.2.15,62.210.85.178,TCP,54,35978  >  9001 [ACK] Seq=33708883 Ack=1920729 Win=65535 Len=0
1,7.480758000000037,62.210.85.178,10.0.2.15,TLSv1.2,590,Application Data
1,7.480816000000004,10.0.2.15,62.210.85.178,TCP,54,35978  >  9001 [ACK] Seq=33708883 Ack=1921265 Win=65535 Len=0
1,7.535984999999982,62.210.85.178,10.0.2.15,TLSv1.2,590,Application Data
1,7.5360769999999775,10.0.2.15,62.210.85.178,TCP,54,35978  >  9001 [ACK] Seq=33708883 Ack=1921801 Win=65535 Len=0
1,7.536675000000059,10.0.2.15,62.210.85.178,TLSv1.2,590,Application Data
1,7.5368029999999635,62.210.85.178,10.0.2.15,TCP,60,9001  >  35978 [ACK] Seq=1921801 Ack=33709419 Win=65535 Len=0
1,7.649766,54.93.77.70,10.0.2.15,TLSv1.2,590,Application Data
1,7.650284000000056,10.0.2.15,54.93.77.70,TLSv1.2,590,Application Data
1,7.650449999999978,54.93.77.70,10.0.2.15,TCP,60,9001  >  34692 [ACK] Seq=33661629 Ack=1926069 Win=65535 Len=0
1,7.751660000000015,62.210.85.178,10.0.2.15,TLSv1.2,590,Application Data
1,7.759710000000041,10.0.2.15,62.210.85.178,TLSv1.2,590,Application Data
1,7.759900000000016,62.210.85.178,10.0.2.15,TCP,60,9001  >  35978 [ACK] Seq=1922337 Ack=33709955 Win=65535 Len=0
1,7.772426999999993,10.0.2.15,62.210.85.178,TLSv1.2,4124,Application Data
1,7.772536000000059,10.0.2.15,62.210.85.178,TCP,2974,35978  >  9001 [ACK] Seq=33714025 Ack=1922337 Win=65535 Len=2920 [TCP segment of a reassembled PDU]
1,7.772582000000057,62.210.85.178,10.0.2.15,TCP,60,9001  >  35978 [ACK] Seq=1922337 Ack=33711415 Win=65535 Len=0
1,7.7725920000000315,62.210.85.178,10.0.2.15,TCP,60,9001  >  35978 [ACK] Seq=1922337 Ack=33712875 Win=65535 Len=0
1,7.772597000000019,62.210.85.178,10.0.2.15,TCP,60,9001  >  35978 [ACK] Seq=1922337 Ack=33714025 Win=65535 Len=0
1,7.772601000000009,62.210.85.178,10.0.2.15,TCP,60,9001  >  35978 [ACK] Seq=1922337 Ack=33715485 Win=65535 Len=0
1,7.772604999999999,62.210.85.178,10.0.2.15,TCP,60,9001  >  35978 [ACK] Seq=1922337 Ack=33716945 Win=65535 Len=0
1,7.772649999999999,10.0.2.15,62.210.85.178,TLSv1.2,1204,Application Data
1,7.772721000000047,10.0.2.15,62.210.85.178,TCP,2974,35978  >  9001 [ACK] Seq=33718095 Ack=1922337 Win=65535 Len=2920 [TCP segment of a reassembled PDU]
1,7.772757999999953,62.210.85.178,10.0.2.15,TCP,60,9001  >  35978 [ACK] Seq=1922337 Ack=33718095 Win=65535 Len=0
1,7.772765000000049,62.210.85.178,10.0.2.15,TCP,60,9001  >  35978 [ACK] Seq=1922337 Ack=33719555 Win=65535 Len=0
1,7.772769000000039,62.210.85.178,10.0.2.15,TCP,60,9001  >  35978 [ACK] Seq=1922337 Ack=33721015 Win=65535 Len=0
1,7.772803999999951,10.0.2.15,62.210.85.178,TLSv1.2,1204,Application Data
1,7.772869000000014,10.0.2.15,62.210.85.178,TCP,2974,35978  >  9001 [ACK] Seq=33722165 Ack=1922337 Win=65535 Len=2920 [TCP segment of a reassembled PDU]
1,7.7729060000000345,62.210.85.178,10.0.2.15,TCP,60,9001  >  35978 [ACK] Seq=1922337 Ack=33722165 Win=65535 Len=0
1,7.772912000000019,62.210.85.178,10.0.2.15,TCP,60,9001  >  35978 [ACK] Seq=1922337 Ack=33723625 Win=65535 Len=0
1,7.772917000000007,62.210.85.178,10.0.2.15,TCP,60,9001  >  35978 [ACK] Seq=1922337 Ack=33725085 Win=65535 Len=0
1,7.772948000000042,10.0.2.15,62.210.85.178,TLSv1.2,1204,Application Data
1,7.773027999999954,10.0.2.15,62.210.85.178,TLSv1.2,2974,Application Data
1,7.7730699999999615,62.210.85.178,10.0.2.15,TCP,60,9001  >  35978 [ACK] Seq=1922337 Ack=33726235 Win=65535 Len=0
1,7.7730770000000575,62.210.85.178,10.0.2.15,TCP,60,9001  >  35978 [ACK] Seq=1922337 Ack=33727695 Win=65535 Len=0
1,7.773082000000045,62.210.85.178,10.0.2.15,TCP,60,9001  >  35978 [ACK] Seq=1922337 Ack=33729155 Win=65535 Len=0
1,7.773112999999967,10.0.2.15,62.210.85.178,TLSv1.2,1226,Application Data
1,7.773150999999984,62.210.85.178,10.0.2.15,TCP,60,9001  >  35978 [ACK] Seq=1922337 Ack=33730327 Win=65535 Len=0
1,7.7731959999999845,10.0.2.15,62.210.85.178,TLSv1.2,4124,Application Data
1,7.773235999999997,62.210.85.178,10.0.2.15,TCP,60,9001  >  35978 [ACK] Seq=1922337 Ack=33731787 Win=65535 Len=0
1,7.7732429999999795,62.210.85.178,10.0.2.15,TCP,60,9001  >  35978 [ACK] Seq=1922337 Ack=33733247 Win=65535 Len=0
1,7.773247999999967,62.210.85.178,10.0.2.15,TCP,60,9001  >  35978 [ACK] Seq=1922337 Ack=33734397 Win=65535 Len=0
1,7.773293999999964,10.0.2.15,62.210.85.178,TLSv1.2,3030,Application Data
1,7.773331999999982,62.210.85.178,10.0.2.15,TCP,60,9001  >  35978 [ACK] Seq=1922337 Ack=33735857 Win=65535 Len=0
1,7.7733389999999645,62.210.85.178,10.0.2.15,TCP,60,9001  >  35978 [ACK] Seq=1922337 Ack=33737317 Win=65535 Len=0
1,7.773342999999954,62.210.85.178,10.0.2.15,TCP,60,9001  >  35978 [ACK] Seq=1922337 Ack=33737373 Win=65535 Len=0
1,7.782572999999957,10.0.2.15,62.210.85.178,TLSv1.2,4124,Application Data
1,7.782661999999959,10.0.2.15,62.210.85.178,TCP,2974,35978  >  9001 [ACK] Seq=33741443 Ack=1922337 Win=65535 Len=2920 [TCP segment of a reassembled PDU]
1,7.782721000000038,62.210.85.178,10.0.2.15,TCP,60,9001  >  35978 [ACK] Seq=1922337 Ack=33738833 Win=65535 Len=0
1,7.782730000000015,62.210.85.178,10.0.2.15,TCP,60,9001  >  35978 [ACK] Seq=1922337 Ack=33740293 Win=65535 Len=0
1,7.782735000000002,62.210.85.178,10.0.2.15,TCP,60,9001  >  35978 [ACK] Seq=1922337 Ack=33741443 Win=65535 Len=0
1,7.782738999999992,62.210.85.178,10.0.2.15,TCP,60,9001  >  35978 [ACK] Seq=1922337 Ack=33742903 Win=65535 Len=0
1,7.78274399999998,62.210.85.178,10.0.2.15,TCP,60,9001  >  35978 [ACK] Seq=1922337 Ack=33744363 Win=65535 Len=0
1,7.78278499999999,10.0.2.15,62.210.85.178,TLSv1.2,1204,Application Data
1,7.7828550000000405,10.0.2.15,62.210.85.178,TCP,2974,35978  >  9001 [ACK] Seq=33745513 Ack=1922337 Win=65535 Len=2920 [TCP segment of a reassembled PDU]
1,7.782896000000051,62.210.85.178,10.0.2.15,TCP,60,9001  >  35978 [ACK] Seq=1922337 Ack=33745513 Win=65535 Len=0
1,7.782903000000033,62.210.85.178,10.0.2.15,TCP,60,9001  >  35978 [ACK] Seq=1922337 Ack=33746973 Win=65535 Len=0
1,7.782907000000023,62.210.85.178,10.0.2.15,TCP,60,9001  >  35978 [ACK] Seq=1922337 Ack=33748433 Win=65535 Len=0
1,7.782941000000051,10.0.2.15,62.210.85.178,TLSv1.2,1204,Application Data
1,7.783006,10.0.2.15,62.210.85.178,TCP,2974,35978  >  9001 [ACK] Seq=33749583 Ack=1922337 Win=65535 Len=2920 [TCP segment of a reassembled PDU]
1,7.783043000000021,62.210.85.178,10.0.2.15,TCP,60,9001  >  35978 [ACK] Seq=1922337 Ack=33749583 Win=65535 Len=0
1,7.783050000000003,62.210.85.178,10.0.2.15,TCP,60,9001  >  35978 [ACK] Seq=1922337 Ack=33751043 Win=65535 Len=0
1,7.783053999999993,62.210.85.178,10.0.2.15,TCP,60,9001  >  35978 [ACK] Seq=1922337 Ack=33752503 Win=65535 Len=0
1,7.783085000000028,10.0.2.15,62.210.85.178,TLSv1.2,1204,Application Data
1,7.783179000000018,10.0.2.15,62.210.85.178,TLSv1.2,2974,Application Data
1,7.78320199999996,62.210.85.178,10.0.2.15,TCP,60,9001  >  35978 [ACK] Seq=1922337 Ack=33753653 Win=65535 Len=0
1,7.783209000000056,62.210.85.178,10.0.2.15,TCP,60,9001  >  35978 [ACK] Seq=1922337 Ack=33755113 Win=65535 Len=0
1,7.783213000000046,62.210.85.178,10.0.2.15,TCP,60,9001  >  35978 [ACK] Seq=1922337 Ack=33756573 Win=65535 Len=0
1,7.783244999999965,10.0.2.15,62.210.85.178,TLSv1.2,1226,Application Data
1,7.783281999999986,62.210.85.178,10.0.2.15,TCP,60,9001  >  35978 [ACK] Seq=1922337 Ack=33757745 Win=65535 Len=0
1,7.783325999999988,10.0.2.15,62.210.85.178,TLSv1.2,4124,Application Data
1,7.783365000000003,62.210.85.178,10.0.2.15,TCP,60,9001  >  35978 [ACK] Seq=1922337 Ack=33759205 Win=65535 Len=0
1,7.783371999999986,62.210.85.178,10.0.2.15,TCP,60,9001  >  35978 [ACK] Seq=1922337 Ack=33760665 Win=65535 Len=0
1,7.783375999999976,62.210.85.178,10.0.2.15,TCP,60,9001  >  35978 [ACK] Seq=1922337 Ack=33761815 Win=65535 Len=0
1,7.783420999999976,10.0.2.15,62.210.85.178,TLSv1.2,1488,Application Data
1,7.783459999999991,62.210.85.178,10.0.2.15,TCP,60,9001  >  35978 [ACK] Seq=1922337 Ack=33763249 Win=65535 Len=0
1,7.863028999999983,54.93.77.70,10.0.2.15,TLSv1.2,590,Application Data
1,7.894275999999991,54.93.77.70,10.0.2.15,TLSv1.2,7294,"Application Data, Application Data"
1,7.894351000000029,10.0.2.15,54.93.77.70,TCP,54,34692  >  9001 [ACK] Seq=1926069 Ack=33669405 Win=65535 Len=0
1,7.903318000000013,54.93.77.70,10.0.2.15,TLSv1.2,5846,Application Data
1,7.903378999999973,10.0.2.15,54.93.77.70,TCP,54,34692  >  9001 [ACK] Seq=1926069 Ack=33675197 Win=65535 Len=0
1,7.911934999999971,54.93.77.70,10.0.2.15,TLSv1.2,1502,Application Data
1,7.912023999999974,10.0.2.15,54.93.77.70,TCP,54,34692  >  9001 [ACK] Seq=1926069 Ack=33676645 Win=65535 Len=0
1,7.915540999999962,54.93.77.70,10.0.2.15,TLSv1.2,5846,Application Data
1,7.91562799999997,10.0.2.15,54.93.77.70,TCP,54,34692  >  9001 [ACK] Seq=1926069 Ack=33682437 Win=65535 Len=0
1,7.916715999999951,54.93.77.70,10.0.2.15,TLSv1.2,7200,"Application Data, Application Data, Application Data"
1,7.9167790000000196,10.0.2.15,54.93.77.70,TCP,54,34692  >  9001 [ACK] Seq=1926069 Ack=33689583 Win=65535 Len=0
1,7.917042000000038,10.0.2.15,54.93.77.70,TLSv1.2,590,Application Data
1,7.917116999999962,54.93.77.70,10.0.2.15,TCP,60,9001  >  34692 [ACK] Seq=33689583 Ack=1926605 Win=65535 Len=0
1,7.926372000000015,10.0.2.15,54.93.77.70,TLSv1.2,590,Application Data
1,7.926472999999987,54.93.77.70,10.0.2.15,TCP,60,9001  >  34692 [ACK] Seq=33689583 Ack=1927141 Win=65535 Len=0
1,7.97806300000002,54.93.77.70,10.0.2.15,TLSv1.2,7200,"Application Data, Application Data"
1,7.978151000000025,10.0.2.15,54.93.77.70,TCP,54,34692  >  9001 [ACK] Seq=1927141 Ack=33696729 Win=65535 Len=0
1,7.994471999999973,54.93.77.70,10.0.2.15,TLSv1.2,684,Application Data
1,7.999449000000027,54.93.77.70,10.0.2.15,TLSv1.2,14254,"Application Data, Application Data, Application Data"
1,7.999553999999989,10.0.2.15,54.93.77.70,TCP,54,34692  >  9001 [ACK] Seq=1927141 Ack=33711559 Win=65535 Len=0
1,7.99962800000003,54.93.77.70,10.0.2.15,TCP,1782,"9001  >  34692 [PSH, ACK] Seq=33711559 Ack=1927141 Win=65535 Len=1728 [TCP segment of a reassembled PDU]"
1,7.999676000000022,10.0.2.15,54.93.77.70,TCP,54,34692  >  9001 [ACK] Seq=1927141 Ack=33713287 Win=65535 Len=0
1,8.01547800000003,54.93.77.70,10.0.2.15,TLSv1.2,1502,"Application Data, Application Data"
1,8.015534000000002,10.0.2.15,54.93.77.70,TCP,54,34692  >  9001 [ACK] Seq=1927141 Ack=33714735 Win=65535 Len=0
1,8.015670999999998,54.93.77.70,10.0.2.15,TLSv1.2,800,Application Data
1,8.015783000000056,10.0.2.15,54.93.77.70,TLSv1.2,590,Application Data
1,8.015850999999998,54.93.77.70,10.0.2.15,TCP,60,9001  >  34692 [ACK] Seq=33715481 Ack=1927677 Win=65535 Len=0
1,8.025585999999976,10.0.2.15,54.93.77.70,TLSv1.2,590,Application Data
1,8.025728999999956,54.93.77.70,10.0.2.15,TCP,60,9001  >  34692 [ACK] Seq=33715481 Ack=1928213 Win=65535 Len=0
1,8.04240900000002,62.210.85.178,10.0.2.15,TLSv1.2,590,Application Data
1,8.083621999999991,10.0.2.15,62.210.85.178,TCP,54,35978  >  9001 [ACK] Seq=33763249 Ack=1922873 Win=65535 Len=0
1,8.116586999999981,62.210.85.178,10.0.2.15,TLSv1.2,1104,Application Data
1,8.116670999999997,10.0.2.15,62.210.85.178,TCP,54,35978  >  9001 [ACK] Seq=33763249 Ack=1923923 Win=65535 Len=0
1,8.16297899999995,62.210.85.178,10.0.2.15,TLSv1.2,590,Application Data
1,8.163055999999983,10.0.2.15,62.210.85.178,TCP,54,35978  >  9001 [ACK] Seq=33763249 Ack=1924459 Win=65535 Len=0
1,8.16352900000004,10.0.2.15,62.210.85.178,TLSv1.2,590,Application Data
1,8.16375000000005,62.210.85.178,10.0.2.15,TCP,60,9001  >  35978 [ACK] Seq=1924459 Ack=33763785 Win=65535 Len=0
1,8.258038000000056,54.93.77.70,10.0.2.15,TLSv1.2,590,Application Data
1,8.258482999999956,10.0.2.15,54.93.77.70,TLSv1.2,590,Application Data
1,8.258594000000016,54.93.77.70,10.0.2.15,TCP,60,9001  >  34692 [ACK] Seq=33716017 Ack=1928749 Win=65535 Len=0
1,8.37034600000004,62.210.85.178,10.0.2.15,TLSv1.2,590,Application Data
1,8.376075000000014,10.0.2.15,62.210.85.178,TLSv1.2,590,Application Data
1,8.376224999999977,62.210.85.178,10.0.2.15,TCP,60,9001  >  35978 [ACK] Seq=1924995 Ack=33764321 Win=65535 Len=0
1,8.388650999999982,10.0.2.15,62.210.85.178,TLSv1.2,4124,Application Data
1,8.388747999999964,10.0.2.15,62.210.85.178,TCP,2974,35978  >  9001 [ACK] Seq=33768391 Ack=1924995 Win=65535 Len=2920 [TCP segment of a reassembled PDU]
1,8.388803000000053,62.210.85.178,10.0.2.15,TCP,60,9001  >  35978 [ACK] Seq=1924995 Ack=33765781 Win=65535 Len=0
1,8.388817000000017,62.210.85.178,10.0.2.15,TCP,60,9001  >  35978 [ACK] Seq=1924995 Ack=33767241 Win=65535 Len=0
1,8.388821000000007,62.210.85.178,10.0.2.15,TCP,60,9001  >  35978 [ACK] Seq=1924995 Ack=33768391 Win=65535 Len=0
1,8.388823000000002,62.210.85.178,10.0.2.15,TCP,60,9001  >  35978 [ACK] Seq=1924995 Ack=33769851 Win=65535 Len=0
1,8.388825999999995,62.210.85.178,10.0.2.15,TCP,60,9001  >  35978 [ACK] Seq=1924995 Ack=33771311 Win=65535 Len=0
1,8.38886100000002,10.0.2.15,62.210.85.178,TLSv1.2,1204,Application Data
1,8.388895000000048,62.210.85.178,10.0.2.15,TCP,60,9001  >  35978 [ACK] Seq=1924995 Ack=33772461 Win=65535 Len=0
1,8.388940000000048,10.0.2.15,62.210.85.178,TLSv1.2,4124,Application Data
1,8.38897499999996,62.210.85.178,10.0.2.15,TCP,60,9001  >  35978 [ACK] Seq=1924995 Ack=33773921 Win=65535 Len=0
1,8.388982000000055,62.210.85.178,10.0.2.15,TCP,60,9001  >  35978 [ACK] Seq=1924995 Ack=33775381 Win=65535 Len=0
1,8.388986000000045,62.210.85.178,10.0.2.15,TCP,60,9001  >  35978 [ACK] Seq=1924995 Ack=33776531 Win=65535 Len=0
1,8.38902399999995,10.0.2.15,62.210.85.178,TLSv1.2,4124,Application Data
1,8.38905699999998,62.210.85.178,10.0.2.15,TCP,60,9001  >  35978 [ACK] Seq=1924995 Ack=33777991 Win=65535 Len=0
1,8.389063999999962,62.210.85.178,10.0.2.15,TCP,60,9001  >  35978 [ACK] Seq=1924995 Ack=33779451 Win=65535 Len=0
1,8.389110999999957,62.210.85.178,10.0.2.15,TCP,60,9001  >  35978 [ACK] Seq=1924995 Ack=33780601 Win=65535 Len=0
1,8.389145999999982,10.0.2.15,62.210.85.178,TLSv1.2,332,Application Data
1,8.389179000000013,62.210.85.178,10.0.2.15,TCP,60,9001  >  35978 [ACK] Seq=1924995 Ack=33780879 Win=65535 Len=0
1,8.38923299999999,10.0.2.15,62.210.85.178,TLSv1.2,3868,Application Data
1,8.389269000000013,62.210.85.178,10.0.2.15,TCP,60,9001  >  35978 [ACK] Seq=1924995 Ack=33782339 Win=65535 Len=0
1,8.389275999999995,62.210.85.178,10.0.2.15,TCP,60,9001  >  35978 [ACK] Seq=1924995 Ack=33783799 Win=65535 Len=0
1,8.389278999999988,62.210.85.178,10.0.2.15,TCP,60,9001  >  35978 [ACK] Seq=1924995 Ack=33784693 Win=65535 Len=0
1,8.389318000000003,10.0.2.15,62.210.85.178,TLSv1.2,4124,Application Data
1,8.389353000000028,62.210.85.178,10.0.2.15,TCP,60,9001  >  35978 [ACK] Seq=1924995 Ack=33786153 Win=65535 Len=0
1,8.38936000000001,62.210.85.178,10.0.2.15,TCP,60,9001  >  35978 [ACK] Seq=1924995 Ack=33787613 Win=65535 Len=0
1,8.389363000000003,62.210.85.178,10.0.2.15,TCP,60,9001  >  35978 [ACK] Seq=1924995 Ack=33788763 Win=65535 Len=0
1,8.389398000000028,10.0.2.15,62.210.85.178,TLSv1.2,3030,Application Data
1,8.389433000000054,62.210.85.178,10.0.2.15,TCP,60,9001  >  35978 [ACK] Seq=1924995 Ack=33790223 Win=65535 Len=0
1,8.389441000000033,62.210.85.178,10.0.2.15,TCP,60,9001  >  35978 [ACK] Seq=1924995 Ack=33791683 Win=65535 Len=0
1,8.389512999999965,62.210.85.178,10.0.2.15,TCP,60,9001  >  35978 [ACK] Seq=1924995 Ack=33791739 Win=65535 Len=0
1,8.398667000000046,10.0.2.15,62.210.85.178,TLSv1.2,4124,Application Data
1,8.39874999999995,10.0.2.15,62.210.85.178,TCP,2974,35978  >  9001 [ACK] Seq=33795809 Ack=1924995 Win=65535 Len=2920 [TCP segment of a reassembled PDU]
1,8.398791999999958,62.210.85.178,10.0.2.15,TCP,60,9001  >  35978 [ACK] Seq=1924995 Ack=33793199 Win=65535 Len=0
1,8.398804000000041,62.210.85.178,10.0.2.15,TCP,60,9001  >  35978 [ACK] Seq=1924995 Ack=33794659 Win=65535 Len=0
1,8.398809000000028,62.210.85.178,10.0.2.15,TCP,60,9001  >  35978 [ACK] Seq=1924995 Ack=33795809 Win=65535 Len=0
1,8.398813000000018,62.210.85.178,10.0.2.15,TCP,60,9001  >  35978 [ACK] Seq=1924995 Ack=33797269 Win=65535 Len=0
1,8.398859000000016,10.0.2.15,62.210.85.178,TLSv1.2,1204,Application Data
1,8.398934000000054,62.210.85.178,10.0.2.15,TCP,60,9001  >  35978 [ACK] Seq=1924995 Ack=33798729 Win=65535 Len=0
1,8.398942000000034,62.210.85.178,10.0.2.15,TCP,60,9001  >  35978 [ACK] Seq=1924995 Ack=33799879 Win=65535 Len=0
1,8.398985000000039,10.0.2.15,62.210.85.178,TLSv1.2,4124,Application Data
1,8.399024000000054,62.210.85.178,10.0.2.15,TCP,60,9001  >  35978 [ACK] Seq=1924995 Ack=33801339 Win=65535 Len=0
1,8.399033000000031,62.210.85.178,10.0.2.15,TCP,60,9001  >  35978 [ACK] Seq=1924995 Ack=33802799 Win=65535 Len=0
1,8.399038000000019,62.210.85.178,10.0.2.15,TCP,60,9001  >  35978 [ACK] Seq=1924995 Ack=33803949 Win=65535 Len=0
1,8.399078000000031,10.0.2.15,62.210.85.178,TLSv1.2,4124,Application Data
1,8.399137999999994,62.210.85.178,10.0.2.15,TCP,60,9001  >  35978 [ACK] Seq=1924995 Ack=33805409 Win=65535 Len=0
1,8.399143999999978,62.210.85.178,10.0.2.15,TCP,60,9001  >  35978 [ACK] Seq=1924995 Ack=33806869 Win=65535 Len=0
1,8.39914699999997,62.210.85.178,10.0.2.15,TCP,60,9001  >  35978 [ACK] Seq=1924995 Ack=33808019 Win=65535 Len=0
1,8.399181999999996,10.0.2.15,62.210.85.178,TLSv1.2,332,Application Data
1,8.399219000000016,62.210.85.178,10.0.2.15,TCP,60,9001  >  35978 [ACK] Seq=1924995 Ack=33808297 Win=65535 Len=0
1,8.399275999999986,10.0.2.15,62.210.85.178,TLSv1.2,3868,Application Data
1,8.399317999999994,62.210.85.178,10.0.2.15,TCP,60,9001  >  35978 [ACK] Seq=1924995 Ack=33809757 Win=65535 Len=0
1,8.399325999999974,62.210.85.178,10.0.2.15,TCP,60,9001  >  35978 [ACK] Seq=1924995 Ack=33811217 Win=65535 Len=0
1,8.399329999999964,62.210.85.178,10.0.2.15,TCP,60,9001  >  35978 [ACK] Seq=1924995 Ack=33812111 Win=65535 Len=0
1,8.399367999999981,10.0.2.15,62.210.85.178,TLSv1.2,4124,Application Data
1,8.399406999999997,62.210.85.178,10.0.2.15,TCP,60,9001  >  35978 [ACK] Seq=1924995 Ack=33813571 Win=65535 Len=0
1,8.399414999999976,62.210.85.178,10.0.2.15,TCP,60,9001  >  35978 [ACK] Seq=1924995 Ack=33815031 Win=65535 Len=0
1,8.399418999999966,62.210.85.178,10.0.2.15,TCP,60,9001  >  35978 [ACK] Seq=1924995 Ack=33816181 Win=65535 Len=0
1,8.399455999999986,10.0.2.15,62.210.85.178,TLSv1.2,3030,Application Data
1,8.399502999999982,62.210.85.178,10.0.2.15,TCP,60,9001  >  35978 [ACK] Seq=1924995 Ack=33817641 Win=65535 Len=0
1,8.399508999999966,62.210.85.178,10.0.2.15,TCP,60,9001  >  35978 [ACK] Seq=1924995 Ack=33819101 Win=65535 Len=0
1,8.399511999999959,62.210.85.178,10.0.2.15,TCP,60,9001  >  35978 [ACK] Seq=1924995 Ack=33819157 Win=65535 Len=0
1,8.412028999999961,10.0.2.15,62.210.85.178,TLSv1.2,4124,Application Data
1,8.412122999999951,62.210.85.178,10.0.2.15,TCP,60,9001  >  35978 [ACK] Seq=1924995 Ack=33820617 Win=65535 Len=0
1,8.412136000000032,62.210.85.178,10.0.2.15,TCP,60,9001  >  35978 [ACK] Seq=1924995 Ack=33822077 Win=65535 Len=0
1,8.412140000000022,62.210.85.178,10.0.2.15,TCP,60,9001  >  35978 [ACK] Seq=1924995 Ack=33823227 Win=65535 Len=0
1,8.412188000000015,10.0.2.15,62.210.85.178,TLSv1.2,4124,Application Data
1,8.412265000000048,62.210.85.178,10.0.2.15,TCP,60,9001  >  35978 [ACK] Seq=1924995 Ack=33824687 Win=65535 Len=0
1,8.412273000000027,62.210.85.178,10.0.2.15,TCP,60,9001  >  35978 [ACK] Seq=1924995 Ack=33826147 Win=65535 Len=0
1,8.412275000000022,62.210.85.178,10.0.2.15,TCP,60,9001  >  35978 [ACK] Seq=1924995 Ack=33827297 Win=65535 Len=0
1,8.412302999999952,10.0.2.15,62.210.85.178,TCP,1514,35978  >  9001 [ACK] Seq=33827297 Ack=1924995 Win=65535 Len=1460 [TCP segment of a reassembled PDU]
1,8.412341999999967,62.210.85.178,10.0.2.15,TCP,60,9001  >  35978 [ACK] Seq=1924995 Ack=33828757 Win=65535 Len=0
1,8.41238199999998,10.0.2.15,62.210.85.178,TLSv1.2,1314,Application Data
1,8.412419999999997,62.210.85.178,10.0.2.15,TCP,60,9001  >  35978 [ACK] Seq=1924995 Ack=33830017 Win=65535 Len=0
1,8.494001000000026,54.93.77.70,10.0.2.15,TLSv1.2,4398,Application Data
1,8.494117999999958,10.0.2.15,54.93.77.70,TCP,54,34692  >  9001 [ACK] Seq=1928749 Ack=33720361 Win=65535 Len=0
1,8.494404000000031,54.93.77.70,10.0.2.15,TLSv1.2,3464,Application Data
1,8.49444200000005,10.0.2.15,54.93.77.70,TCP,54,34692  >  9001 [ACK] Seq=1928749 Ack=33723771 Win=65535 Len=0
1,8.504697999999962,54.93.77.70,10.0.2.15,TLSv1.2,5846,Application Data
1,8.504801000000043,10.0.2.15,54.93.77.70,TCP,54,34692  >  9001 [ACK] Seq=1928749 Ack=33729563 Win=65535 Len=0
1,8.510430000000042,54.93.77.70,10.0.2.15,TLSv1.2,5846,Application Data [TCP segment of a reassembled PDU]
1,8.51048000000003,10.0.2.15,54.93.77.70,TCP,54,34692  >  9001 [ACK] Seq=1928749 Ack=33735355 Win=65535 Len=0
1,8.511392,54.93.77.70,10.0.2.15,TLSv1.2,4492,"Application Data, Application Data"
1,8.511436000000003,10.0.2.15,54.93.77.70,TCP,54,34692  >  9001 [ACK] Seq=1928749 Ack=33739793 Win=65535 Len=0
1,8.52953500000001,54.93.77.70,10.0.2.15,TLSv1.2,2950,Application Data
1,8.529618000000028,10.0.2.15,54.93.77.70,TCP,54,34692  >  9001 [ACK] Seq=1928749 Ack=33742689 Win=65535 Len=0
1,8.530327000000057,54.93.77.70,10.0.2.15,TLSv1.2,1314,Application Data
1,8.530592999999953,10.0.2.15,54.93.77.70,TLSv1.2,1104,Application Data
1,8.531213999999977,54.93.77.70,10.0.2.15,TCP,60,9001  >  34692 [ACK] Seq=33743949 Ack=1929799 Win=65535 Len=0
1,8.537532000000056,54.93.77.70,10.0.2.15,TCP,2950,"9001  >  34692 [PSH, ACK] Seq=33743949 Ack=1929799 Win=65535 Len=2896 [TCP segment of a reassembled PDU]"
1,8.53764799999999,10.0.2.15,54.93.77.70,TCP,54,34692  >  9001 [ACK] Seq=1929799 Ack=33746845 Win=65535 Len=0
1,8.53910600000006,54.93.77.70,10.0.2.15,TLSv1.2,8742,"Application Data, Application Data"
1,8.53917100000001,10.0.2.15,54.93.77.70,TCP,54,34692  >  9001 [ACK] Seq=1929799 Ack=33755533 Win=65535 Len=0
1,8.547225000000026,54.93.77.70,10.0.2.15,TLSv1.2,894,"Application Data, Application Data"
1,8.55082600000003,54.93.77.70,10.0.2.15,TCP,2950,"9001  >  34692 [PSH, ACK] Seq=33756373 Ack=1929799 Win=65535 Len=2896 [TCP segment of a reassembled PDU]"
1,8.550876000000017,10.0.2.15,54.93.77.70,TCP,54,34692  >  9001 [ACK] Seq=1929799 Ack=33759269 Win=65535 Len=0
1,8.56242199999997,54.93.77.70,10.0.2.15,TLSv1.2,1502,Application Data [TCP segment of a reassembled PDU]
1,8.562471999999957,10.0.2.15,54.93.77.70,TCP,54,34692  >  9001 [ACK] Seq=1929799 Ack=33760717 Win=65535 Len=0
1,8.566726000000017,54.93.77.70,10.0.2.15,TLSv1.2,894,Application Data
1,8.585563999999977,54.93.77.70,10.0.2.15,TLSv1.2,3674,Application Data
1,8.585639000000015,10.0.2.15,54.93.77.70,TCP,54,34692  >  9001 [ACK] Seq=1929799 Ack=33765177 Win=65535 Len=0
1,8.594313000000056,54.93.77.70,10.0.2.15,TLSv1.2,5846,Application Data
1,8.594390999999973,10.0.2.15,54.93.77.70,TCP,54,34692  >  9001 [ACK] Seq=1929799 Ack=33770969 Win=65535 Len=0
1,8.594575999999961,10.0.2.15,54.93.77.70,TLSv1.2,590,Application Data
1,8.594616999999971,54.93.77.70,10.0.2.15,TCP,1502,"9001  >  34692 [PSH, ACK] Seq=33770969 Ack=1929799 Win=65535 Len=1448 [TCP segment of a reassembled PDU]"
1,8.594668999999953,10.0.2.15,54.93.77.70,TCP,54,34692  >  9001 [ACK] Seq=1930335 Ack=33772417 Win=65535 Len=0
1,8.594707999999969,54.93.77.70,10.0.2.15,TCP,60,9001  >  34692 [ACK] Seq=33772417 Ack=1930335 Win=65535 Len=0
1,8.601629000000003,54.93.77.70,10.0.2.15,TLSv1.2,568,Application Data
1,8.61411099999998,54.93.77.70,10.0.2.15,TCP,2950,"9001  >  34692 [PSH, ACK] Seq=33772931 Ack=1930335 Win=65535 Len=2896 [TCP segment of a reassembled PDU]"
1,8.61418900000001,10.0.2.15,54.93.77.70,TCP,54,34692  >  9001 [ACK] Seq=1930335 Ack=33775827 Win=65535 Len=0
1,8.625620000000026,54.93.77.70,10.0.2.15,TLSv1.2,1502,Application Data [TCP segment of a reassembled PDU]
1,8.625714000000016,10.0.2.15,54.93.77.70,TCP,54,34692  >  9001 [ACK] Seq=1930335 Ack=33777275 Win=65535 Len=0
1,8.630303000000026,54.93.77.70,10.0.2.15,TLSv1.2,894,Application Data
1,8.634552999999983,54.93.77.70,10.0.2.15,TCP,2950,"9001  >  34692 [PSH, ACK] Seq=33778115 Ack=1930335 Win=65535 Len=2896 [TCP segment of a reassembled PDU]"
1,8.634860000000003,10.0.2.15,54.93.77.70,TCP,54,34692  >  9001 [ACK] Seq=1930335 Ack=33781011 Win=65535 Len=0
1,8.64646700000003,54.93.77.70,10.0.2.15,TLSv1.2,1314,"Application Data, Application Data"
1,8.648127000000045,62.210.85.178,10.0.2.15,TLSv1.2,1104,Application Data
1,8.65092900000002,10.0.2.15,54.93.77.70,TLSv1.2,590,Application Data
1,8.651117,54.93.77.70,10.0.2.15,TCP,60,9001  >  34692 [ACK] Seq=33782271 Ack=1930871 Win=65535 Len=0
1,8.69161900000006,10.0.2.15,62.210.85.178,TCP,54,35978  >  9001 [ACK] Seq=33830017 Ack=1926045 Win=65535 Len=0
1,8.721294000000057,62.210.85.178,10.0.2.15,TLSv1.2,590,Application Data
1,8.721370999999976,10.0.2.15,62.210.85.178,TCP,54,35978  >  9001 [ACK] Seq=33830017 Ack=1926581 Win=65535 Len=0
1,8.770582999999988,62.210.85.178,10.0.2.15,TLSv1.2,590,Application Data
1,8.770659000000023,10.0.2.15,62.210.85.178,TCP,54,35978  >  9001 [ACK] Seq=33830017 Ack=1927117 Win=65535 Len=0
1,8.771163000000001,10.0.2.15,62.210.85.178,TLSv1.2,590,Application Data
1,8.771296000000007,62.210.85.178,10.0.2.15,TCP,60,9001  >  35978 [ACK] Seq=1927117 Ack=33830553 Win=65535 Len=0
1,8.871114000000034,54.93.77.70,10.0.2.15,TLSv1.2,590,Application Data
1,8.871592999999962,10.0.2.15,54.93.77.70,TLSv1.2,590,Application Data
1,8.871745000000033,54.93.77.70,10.0.2.15,TCP,60,9001  >  34692 [ACK] Seq=33782807 Ack=1931407 Win=65535 Len=0
1,9.01804100000004,62.210.85.178,10.0.2.15,TLSv1.2,590,Application Data
1,9.023101999999994,10.0.2.15,62.210.85.178,TLSv1.2,590,Application Data
1,9.023288999999977,62.210.85.178,10.0.2.15,TCP,60,9001  >  35978 [ACK] Seq=1927653 Ack=33831089 Win=65535 Len=0
1,9.03572900000006,10.0.2.15,62.210.85.178,TLSv1.2,4124,Application Data
1,9.035847999999987,10.0.2.15,62.210.85.178,TCP,2974,35978  >  9001 [ACK] Seq=33835159 Ack=1927653 Win=65535 Len=2920 [TCP segment of a reassembled PDU]
1,9.035904999999957,62.210.85.178,10.0.2.15,TCP,60,9001  >  35978 [ACK] Seq=1927653 Ack=33832549 Win=65535 Len=0
1,9.035916000000043,62.210.85.178,10.0.2.15,TCP,60,9001  >  35978 [ACK] Seq=1927653 Ack=33834009 Win=65535 Len=0
1,9.03592100000003,62.210.85.178,10.0.2.15,TCP,60,9001  >  35978 [ACK] Seq=1927653 Ack=33835159 Win=65535 Len=0
1,9.035926000000018,62.210.85.178,10.0.2.15,TCP,60,9001  >  35978 [ACK] Seq=1927653 Ack=33836619 Win=65535 Len=0
1,9.035930000000008,62.210.85.178,10.0.2.15,TCP,60,9001  >  35978 [ACK] Seq=1927653 Ack=33838079 Win=65535 Len=0
1,9.035975000000008,10.0.2.15,62.210.85.178,TLSv1.2,1204,Application Data
1,9.03604400000006,10.0.2.15,62.210.85.178,TCP,2974,35978  >  9001 [ACK] Seq=33839229 Ack=1927653 Win=65535 Len=2920 [TCP segment of a reassembled PDU]
1,9.036082999999962,62.210.85.178,10.0.2.15,TCP,60,9001  >  35978 [ACK] Seq=1927653 Ack=33839229 Win=65535 Len=0
1,9.036090000000058,62.210.85.178,10.0.2.15,TCP,60,9001  >  35978 [ACK] Seq=1927653 Ack=33840689 Win=65535 Len=0
1,9.036094000000048,62.210.85.178,10.0.2.15,TCP,60,9001  >  35978 [ACK] Seq=1927653 Ack=33842149 Win=65535 Len=0
1,9.03612899999996,10.0.2.15,62.210.85.178,TLSv1.2,1204,Application Data
1,9.036194000000023,10.0.2.15,62.210.85.178,TCP,2974,35978  >  9001 [ACK] Seq=33843299 Ack=1927653 Win=65535 Len=2920 [TCP segment of a reassembled PDU]
1,9.036232000000041,62.210.85.178,10.0.2.15,TCP,60,9001  >  35978 [ACK] Seq=1927653 Ack=33843299 Win=65535 Len=0
1,9.036239000000023,62.210.85.178,10.0.2.15,TCP,60,9001  >  35978 [ACK] Seq=1927653 Ack=33844759 Win=65535 Len=0
1,9.03624400000001,62.210.85.178,10.0.2.15,TCP,60,9001  >  35978 [ACK] Seq=1927653 Ack=33846219 Win=65535 Len=0
1,9.036275000000046,10.0.2.15,62.210.85.178,TLSv1.2,1204,Application Data
1,9.03635399999996,10.0.2.15,62.210.85.178,TLSv1.2,1514,Application Data
1,9.036393999999973,62.210.85.178,10.0.2.15,TCP,60,9001  >  35978 [ACK] Seq=1927653 Ack=33847369 Win=65535 Len=0
1,9.036400999999955,62.210.85.178,10.0.2.15,TCP,60,9001  >  35978 [ACK] Seq=1927653 Ack=33848829 Win=65535 Len=0
1,9.03643199999999,10.0.2.15,62.210.85.178,TLSv1.2,436,Application Data
1,9.036524999999983,62.210.85.178,10.0.2.15,TCP,60,9001  >  35978 [ACK] Seq=1927653 Ack=33849211 Win=65535 Len=0
1,9.120307000000025,54.93.77.70,10.0.2.15,TLSv1.2,590,Application Data
1,9.126648000000046,54.93.77.70,10.0.2.15,TCP,2950,"9001  >  34692 [PSH, ACK] Seq=33783343 Ack=1931407 Win=65535 Len=2896 [TCP segment of a reassembled PDU]"
1,9.126738000000046,10.0.2.15,54.93.77.70,TCP,54,34692  >  9001 [ACK] Seq=1931407 Ack=33786239 Win=65535 Len=0
1,9.128467999999998,54.93.77.70,10.0.2.15,TLSv1.2,4398,Application Data [TCP segment of a reassembled PDU]
1,9.128534000000059,10.0.2.15,54.93.77.70,TCP,54,34692  >  9001 [ACK] Seq=1931407 Ack=33790583 Win=65535 Len=0
1,9.137148000000025,54.93.77.70,10.0.2.15,TLSv1.2,2950,Application Data [TCP segment of a reassembled PDU]
1,9.137197000000015,10.0.2.15,54.93.77.70,TCP,54,34692  >  9001 [ACK] Seq=1931407 Ack=33793479 Win=65535 Len=0
1,9.13869299999999,54.93.77.70,10.0.2.15,TLSv1.2,7294,"Application Data, Application Data"
1,9.138762000000042,10.0.2.15,54.93.77.70,TCP,54,34692  >  9001 [ACK] Seq=1931407 Ack=33800719 Win=65535 Len=0
1,9.13902500000006,10.0.2.15,54.93.77.70,TLSv1.2,590,Application Data
1,9.139133000000015,54.93.77.70,10.0.2.15,TCP,60,9001  >  34692 [ACK] Seq=33800719 Ack=1931943 Win=65535 Len=0
1,9.147739999999999,54.93.77.70,10.0.2.15,TLSv1.2,778,Application Data
1,9.151589000000058,10.0.2.15,54.93.77.70,TLSv1.2,590,Application Data
1,9.151752999999985,54.93.77.70,10.0.2.15,TCP,60,9001  >  34692 [ACK] Seq=33801443 Ack=1932479 Win=65535 Len=0
1,9.238914000000022,62.210.85.178,10.0.2.15,TLSv1.2,590,Application Data
1,9.279566000000045,10.0.2.15,62.210.85.178,TCP,54,35978  >  9001 [ACK] Seq=33849211 Ack=1928189 Win=65535 Len=0
1,9.377531999999974,62.210.85.178,10.0.2.15,TLSv1.2,590,Application Data
1,9.377609000000007,10.0.2.15,62.210.85.178,TCP,54,35978  >  9001 [ACK] Seq=33849211 Ack=1928725 Win=65535 Len=0
1,9.37807399999997,10.0.2.15,62.210.85.178,TLSv1.2,590,Application Data
1,9.378192000000013,62.210.85.178,10.0.2.15,TCP,60,9001  >  35978 [ACK] Seq=1928725 Ack=33849747 Win=65535 Len=0
1,9.475402000000031,54.93.77.70,10.0.2.15,TLSv1.2,590,Application Data
1,9.475844000000052,10.0.2.15,54.93.77.70,TLSv1.2,590,Application Data
1,9.47602100000006,54.93.77.70,10.0.2.15,TCP,60,9001  >  34692 [ACK] Seq=33801979 Ack=1933015 Win=65535 Len=0
1,9.894172000000026,62.210.85.178,10.0.2.15,TLSv1.2,590,Application Data
1,9.90306099999998,10.0.2.15,62.210.85.178,TLSv1.2,590,Application Data
1,9.903255000000058,62.210.85.178,10.0.2.15,TCP,60,9001  >  35978 [ACK] Seq=1929261 Ack=33850283 Win=65535 Len=0
1,9.916058000000021,10.0.2.15,62.210.85.178,TLSv1.2,4124,Application Data
1,9.91617599999995,10.0.2.15,62.210.85.178,TCP,2974,35978  >  9001 [ACK] Seq=33854353 Ack=1929261 Win=65535 Len=2920 [TCP segment of a reassembled PDU]
1,9.916235000000029,62.210.85.178,10.0.2.15,TCP,60,9001  >  35978 [ACK] Seq=1929261 Ack=33851743 Win=65535 Len=0
1,9.916247999999996,62.210.85.178,10.0.2.15,TCP,60,9001  >  35978 [ACK] Seq=1929261 Ack=33853203 Win=65535 Len=0
1,9.91625399999998,62.210.85.178,10.0.2.15,TCP,60,9001  >  35978 [ACK] Seq=1929261 Ack=33854353 Win=65535 Len=0
1,9.91625799999997,62.210.85.178,10.0.2.15,TCP,60,9001  >  35978 [ACK] Seq=1929261 Ack=33855813 Win=65535 Len=0
1,9.91626199999996,62.210.85.178,10.0.2.15,TCP,60,9001  >  35978 [ACK] Seq=1929261 Ack=33857273 Win=65535 Len=0
1,9.916297999999983,10.0.2.15,62.210.85.178,TLSv1.2,1204,Application Data
1,9.916336000000001,62.210.85.178,10.0.2.15,TCP,60,9001  >  35978 [ACK] Seq=1929261 Ack=33858423 Win=65535 Len=0
1,9.916381999999999,10.0.2.15,62.210.85.178,TLSv1.2,4124,Application Data
1,9.916421000000014,62.210.85.178,10.0.2.15,TCP,60,9001  >  35978 [ACK] Seq=1929261 Ack=33859883 Win=65535 Len=0
1,9.916429999999991,62.210.85.178,10.0.2.15,TCP,60,9001  >  35978 [ACK] Seq=1929261 Ack=33861343 Win=65535 Len=0
1,9.916434999999979,62.210.85.178,10.0.2.15,TCP,60,9001  >  35978 [ACK] Seq=1929261 Ack=33862493 Win=65535 Len=0
1,9.916473999999994,10.0.2.15,62.210.85.178,TLSv1.2,4124,Application Data
1,9.916511000000014,62.210.85.178,10.0.2.15,TCP,60,9001  >  35978 [ACK] Seq=1929261 Ack=33863953 Win=65535 Len=0
1,9.916518999999994,62.210.85.178,10.0.2.15,TCP,60,9001  >  35978 [ACK] Seq=1929261 Ack=33865413 Win=65535 Len=0
1,9.91658300000006,10.0.2.15,62.210.85.178,TLSv1.2,2974,Application Data
1,9.916621999999961,62.210.85.178,10.0.2.15,TCP,60,9001  >  35978 [ACK] Seq=1929261 Ack=33866563 Win=65535 Len=0
1,9.916631000000052,62.210.85.178,10.0.2.15,TCP,60,9001  >  35978 [ACK] Seq=1929261 Ack=33868023 Win=65535 Len=0
1,9.916635000000042,62.210.85.178,10.0.2.15,TCP,60,9001  >  35978 [ACK] Seq=1929261 Ack=33869483 Win=65535 Len=0
1,9.916662999999971,10.0.2.15,62.210.85.178,TLSv1.2,1226,Application Data
1,9.916699999999992,62.210.85.178,10.0.2.15,TCP,60,9001  >  35978 [ACK] Seq=1929261 Ack=33870655 Win=65535 Len=0
1,9.916740000000004,10.0.2.15,62.210.85.178,TLSv1.2,4124,Application Data
1,9.91677900000002,62.210.85.178,10.0.2.15,TCP,60,9001  >  35978 [ACK] Seq=1929261 Ack=33872115 Win=65535 Len=0
1,9.916787,62.210.85.178,10.0.2.15,TCP,60,9001  >  35978 [ACK] Seq=1929261 Ack=33873575 Win=65535 Len=0
1,9.91679099999999,62.210.85.178,10.0.2.15,TCP,60,9001  >  35978 [ACK] Seq=1929261 Ack=33874725 Win=65535 Len=0
1,9.916829000000007,10.0.2.15,62.210.85.178,TLSv1.2,3030,Application Data
1,9.916868000000022,62.210.85.178,10.0.2.15,TCP,60,9001  >  35978 [ACK] Seq=1929261 Ack=33876185 Win=65535 Len=0
1,9.916875000000005,62.210.85.178,10.0.2.15,TCP,60,9001  >  35978 [ACK] Seq=1929261 Ack=33877645 Win=65535 Len=0
1,9.916878999999994,62.210.85.178,10.0.2.15,TCP,60,9001  >  35978 [ACK] Seq=1929261 Ack=33877701 Win=65535 Len=0
1,9.92609600000003,10.0.2.15,62.210.85.178,TLSv1.2,4124,Application Data
1,9.926151000000004,62.210.85.178,10.0.2.15,TCP,60,9001  >  35978 [ACK] Seq=1929261 Ack=33879161 Win=65535 Len=0
1,9.926161999999977,62.210.85.178,10.0.2.15,TCP,60,9001  >  35978 [ACK] Seq=1929261 Ack=33880621 Win=65535 Len=0
1,9.926166999999964,62.210.85.178,10.0.2.15,TCP,60,9001  >  35978 [ACK] Seq=1929261 Ack=33881771 Win=65535 Len=0
1,9.926212999999962,10.0.2.15,62.210.85.178,TLSv1.2,4124,Application Data
1,9.926253999999972,62.210.85.178,10.0.2.15,TCP,60,9001  >  35978 [ACK] Seq=1929261 Ack=33883231 Win=65535 Len=0
1,9.926263000000063,62.210.85.178,10.0.2.15,TCP,60,9001  >  35978 [ACK] Seq=1929261 Ack=33884691 Win=65535 Len=0
1,9.92626800000005,62.210.85.178,10.0.2.15,TCP,60,9001  >  35978 [ACK] Seq=1929261 Ack=33885841 Win=65535 Len=0
1,9.926308000000063,10.0.2.15,62.210.85.178,TLSv1.2,4124,Application Data
1,9.926345999999967,62.210.85.178,10.0.2.15,TCP,60,9001  >  35978 [ACK] Seq=1929261 Ack=33887301 Win=65535 Len=0
1,9.926355000000058,62.210.85.178,10.0.2.15,TCP,60,9001  >  35978 [ACK] Seq=1929261 Ack=33888761 Win=65535 Len=0
1,9.926360000000045,62.210.85.178,10.0.2.15,TCP,60,9001  >  35978 [ACK] Seq=1929261 Ack=33889911 Win=65535 Len=0
1,9.926396999999952,10.0.2.15,62.210.85.178,TLSv1.2,4124,Application Data
1,9.92643499999997,62.210.85.178,10.0.2.15,TCP,60,9001  >  35978 [ACK] Seq=1929261 Ack=33891371 Win=65535 Len=0
1,9.92644299999995,62.210.85.178,10.0.2.15,TCP,60,9001  >  35978 [ACK] Seq=1929261 Ack=33892831 Win=65535 Len=0
1,9.92644800000005,62.210.85.178,10.0.2.15,TCP,60,9001  >  35978 [ACK] Seq=1929261 Ack=33893981 Win=65535 Len=0
1,9.92648399999996,10.0.2.15,62.210.85.178,TLSv1.2,332,Application Data
1,9.926519999999982,62.210.85.178,10.0.2.15,TCP,60,9001  >  35978 [ACK] Seq=1929261 Ack=33894259 Win=65535 Len=0
1,9.926572999999962,10.0.2.15,62.210.85.178,TLSv1.2,3868,Application Data
1,9.926611999999977,62.210.85.178,10.0.2.15,TCP,60,9001  >  35978 [ACK] Seq=1929261 Ack=33895719 Win=65535 Len=0
1,9.926620999999955,62.210.85.178,10.0.2.15,TCP,60,9001  >  35978 [ACK] Seq=1929261 Ack=33897179 Win=65535 Len=0
1,9.926626000000056,62.210.85.178,10.0.2.15,TCP,60,9001  >  35978 [ACK] Seq=1929261 Ack=33898073 Win=65535 Len=0
1,9.92666399999996,10.0.2.15,62.210.85.178,TLSv1.2,4124,Application Data
1,9.926702999999975,62.210.85.178,10.0.2.15,TCP,60,9001  >  35978 [ACK] Seq=1929261 Ack=33899533 Win=65535 Len=0
1,9.926710999999955,62.210.85.178,10.0.2.15,TCP,60,9001  >  35978 [ACK] Seq=1929261 Ack=33900993 Win=65535 Len=0
1,9.926715000000058,62.210.85.178,10.0.2.15,TCP,60,9001  >  35978 [ACK] Seq=1929261 Ack=33902143 Win=65535 Len=0
1,9.926750999999967,10.0.2.15,62.210.85.178,TLSv1.2,3030,Application Data
1,9.926789999999983,62.210.85.178,10.0.2.15,TCP,60,9001  >  35978 [ACK] Seq=1929261 Ack=33903603 Win=65535 Len=0
1,9.926797999999962,62.210.85.178,10.0.2.15,TCP,60,9001  >  35978 [ACK] Seq=1929261 Ack=33905063 Win=65535 Len=0
1,9.926800999999955,62.210.85.178,10.0.2.15,TCP,60,9001  >  35978 [ACK] Seq=1929261 Ack=33905119 Win=65535 Len=0
1,9.940377000000012,10.0.2.15,62.210.85.178,TLSv1.2,4124,Application Data
1,9.94050500000003,10.0.2.15,62.210.85.178,TCP,2974,35978  >  9001 [ACK] Seq=33909189 Ack=1929261 Win=65535 Len=2920 [TCP segment of a reassembled PDU]
1,9.940552000000025,62.210.85.178,10.0.2.15,TCP,60,9001  >  35978 [ACK] Seq=1929261 Ack=33906579 Win=65535 Len=0
1,9.940574999999967,62.210.85.178,10.0.2.15,TCP,60,9001  >  35978 [ACK] Seq=1929261 Ack=33908039 Win=65535 Len=0
1,9.940578999999957,62.210.85.178,10.0.2.15,TCP,60,9001  >  35978 [ACK] Seq=1929261 Ack=33909189 Win=65535 Len=0
1,9.94063600000004,62.210.85.178,10.0.2.15,TCP,60,9001  >  35978 [ACK] Seq=1929261 Ack=33910649 Win=65535 Len=0
1,9.940641000000028,62.210.85.178,10.0.2.15,TCP,60,9001  >  35978 [ACK] Seq=1929261 Ack=33912109 Win=65535 Len=0
1,9.940679000000046,10.0.2.15,62.210.85.178,TLSv1.2,1204,Application Data
1,9.940776000000028,62.210.85.178,10.0.2.15,TCP,60,9001  >  35978 [ACK] Seq=1929261 Ack=33913259 Win=65535 Len=0
1,9.94082400000002,10.0.2.15,62.210.85.178,TLSv1.2,718,Application Data
1,9.940926999999988,62.210.85.178,10.0.2.15,TCP,60,9001  >  35978 [ACK] Seq=1929261 Ack=33913923 Win=65535 Len=0
1,10.014028000000053,54.93.77.70,10.0.2.15,TLSv1.2,590,Application Data
1,10.03267500000004,54.93.77.70,10.0.2.15,TLSv1.2,4398,Application Data
1,10.03277700000001,10.0.2.15,54.93.77.70,TCP,54,34692  >  9001 [ACK] Seq=1933015 Ack=33806859 Win=65535 Len=0
1,10.033018999999967,54.93.77.70,10.0.2.15,TLSv1.2,2950,Application Data
1,10.033060999999975,10.0.2.15,54.93.77.70,TCP,54,34692  >  9001 [ACK] Seq=1933015 Ack=33809755 Win=65535 Len=0
1,10.048810000000003,54.93.77.70,10.0.2.15,TLSv1.2,590,Application Data
1,10.05822999999998,54.93.77.70,10.0.2.15,TCP,2950,"9001  >  34692 [PSH, ACK] Seq=33810291 Ack=1933015 Win=65535 Len=2896 [TCP segment of a reassembled PDU]"
1,10.058288000000061,10.0.2.15,54.93.77.70,TCP,54,34692  >  9001 [ACK] Seq=1933015 Ack=33813187 Win=65535 Len=0
1,10.068764999999985,54.93.77.70,10.0.2.15,TLSv1.2,5846,"Application Data, Application Data"
1,10.06884500000001,10.0.2.15,54.93.77.70,TCP,54,34692  >  9001 [ACK] Seq=1933015 Ack=33818979 Win=65535 Len=0
1,10.070148000000017,54.93.77.70,10.0.2.15,TCP,1502,"9001  >  34692 [PSH, ACK] Seq=33818979 Ack=1933015 Win=65535 Len=1448 [TCP segment of a reassembled PDU]"
1,10.070194000000015,10.0.2.15,54.93.77.70,TCP,54,34692  >  9001 [ACK] Seq=1933015 Ack=33820427 Win=65535 Len=0
1,10.07455200000004,54.93.77.70,10.0.2.15,TLSv1.2,1292,Application Data
1,10.080808000000047,54.93.77.70,10.0.2.15,TLSv1.2,7294,Application Data
1,10.080880999999977,10.0.2.15,54.93.77.70,TCP,54,34692  >  9001 [ACK] Seq=1933015 Ack=33828905 Win=65535 Len=0
1,10.081142999999997,54.93.77.70,10.0.2.15,TLSv1.2,1502,Application Data [TCP segment of a reassembled PDU]
1,10.081189999999992,10.0.2.15,54.93.77.70,TCP,54,34692  >  9001 [ACK] Seq=1933015 Ack=33830353 Win=65535 Len=0
1,10.081394000000046,10.0.2.15,54.93.77.70,TLSv1.2,590,Application Data
1,10.081462999999985,54.93.77.70,10.0.2.15,TCP,60,9001  >  34692 [ACK] Seq=33830353 Ack=1933551 Win=65535 Len=0
1,10.082403999999997,54.93.77.70,10.0.2.15,TLSv1.2,2950,Application Data [TCP segment of a reassembled PDU]
1,10.082471000000055,10.0.2.15,54.93.77.70,TCP,54,34692  >  9001 [ACK] Seq=1933551 Ack=33833249 Win=65535 Len=0
1,10.091881000000058,54.93.77.70,10.0.2.15,TLSv1.2,380,Application Data
1,10.093804999999975,54.93.77.70,10.0.2.15,TLSv1.2,5846,Application Data
1,10.093878000000018,10.0.2.15,54.93.77.70,TCP,54,34692  >  9001 [ACK] Seq=1933551 Ack=33839367 Win=65535 Len=0
1,10.094311000000062,54.93.77.70,10.0.2.15,TLSv1.2,4398,Application Data [TCP segment of a reassembled PDU]
1,10.094357000000059,10.0.2.15,54.93.77.70,TCP,54,34692  >  9001 [ACK] Seq=1933551 Ack=33843711 Win=65535 Len=0
1,10.096437000000037,54.93.77.70,10.0.2.15,TLSv1.2,2950,Application Data [TCP segment of a reassembled PDU]
1,10.09648100000004,10.0.2.15,54.93.77.70,TCP,54,34692  >  9001 [ACK] Seq=1933551 Ack=33846607 Win=65535 Len=0
1,10.097214000000008,54.93.77.70,10.0.2.15,TCP,2950,"9001  >  34692 [PSH, ACK] Seq=33846607 Ack=1933551 Win=65535 Len=2896 [TCP segment of a reassembled PDU]"
1,10.097262999999998,10.0.2.15,54.93.77.70,TCP,54,34692  >  9001 [ACK] Seq=1933551 Ack=33849503 Win=65535 Len=0
1,10.108577999999966,54.93.77.70,10.0.2.15,TLSv1.2,5846,"Application Data, Application Data, Application Data"
1,10.108596000000034,54.93.77.70,10.0.2.15,TLSv1.2,4398,Application Data [TCP segment of a reassembled PDU]
1,10.108664999999974,10.0.2.15,54.93.77.70,TCP,54,34692  >  9001 [ACK] Seq=1933551 Ack=33859639 Win=65535 Len=0
1,10.108873000000017,10.0.2.15,54.93.77.70,TLSv1.2,590,Application Data
1,10.108996000000047,54.93.77.70,10.0.2.15,TCP,60,9001  >  34692 [ACK] Seq=33859639 Ack=1934087 Win=65535 Len=0
1,10.10963300000003,54.93.77.70,10.0.2.15,TLSv1.2,5846,Application Data [TCP segment of a reassembled PDU]
1,10.10968600000001,10.0.2.15,54.93.77.70,TCP,54,34692  >  9001 [ACK] Seq=1934087 Ack=33865431 Win=65535 Len=0
1,10.11090200000001,54.93.77.70,10.0.2.15,TLSv1.2,778,Application Data
1,10.126138999999966,10.0.2.15,54.93.77.70,TLSv1.2,590,Application Data
1,10.126326000000063,54.93.77.70,10.0.2.15,TCP,60,9001  >  34692 [ACK] Seq=33866155 Ack=1934623 Win=65535 Len=0
